                force       table
                (
                    (0.0000    (0.0000 0.00 208953.3333))
                    (0.0050    (2793.9939 0.00 208889.9920))
                    (0.0100    (5582.2468 0.00 208700.0980))
                    (0.0150    (8359.0295 0.00 208384.0416))
                    (0.0200    (11118.6365 0.00 207942.4722))
                    (0.0250    (13855.3973 0.00 207376.2971))
                    (0.0300    (16563.6886 0.00 206686.6797))
                    (0.0350    (19237.9455 0.00 205875.0370))
                    (0.0400    (21872.6731 0.00 204943.0367))
                    (0.0450    (24462.4576 0.00 203892.5939))
                    (0.0500    (27001.9776 0.00 202725.8668))
                    (0.0550    (29486.0151 0.00 201445.2530))
                    (0.0600    (31909.4659 0.00 200053.3837))
                    (0.0650    (34267.3505 0.00 198553.1190))
                    (0.0700    (36554.8239 0.00 196947.5414))
                    (0.0750    (38767.1859 0.00 195239.9500))
                    (0.0800    (40899.8907 0.00 193433.8536))
                    (0.0850    (42948.5561 0.00 191532.9633))
                    (0.0900    (44908.9725 0.00 189541.1848))
                    (0.0950    (46777.1119 0.00 187462.6109))
                    (0.1000    (48549.1355 0.00 185301.5125))
                    (0.1050    (50221.4023 0.00 183062.3302))
                    (0.1100    (51790.4763 0.00 180749.6649))
                    (0.1150    (53253.1333 0.00 178368.2685))
                    (0.1200    (54606.3679 0.00 175923.0344))
                    (0.1250    (55847.3996 0.00 173418.9868))
                    (0.1300    (56973.6783 0.00 170861.2710))
                    (0.1350    (57982.8899 0.00 168255.1424))
                    (0.1400    (58872.9605 0.00 165605.9561))
                    (0.1450    (59642.0614 0.00 162919.1555))
                    (0.1500    (60288.6123 0.00 160200.2612))
                    (0.1550    (60811.2846 0.00 157454.8600))
                    (0.1600    (61209.0043 0.00 154688.5930))
                    (0.1650    (61480.9542 0.00 151907.1443))
                    (0.1700    (61626.5756 0.00 149116.2290))
                    (0.1750    (61645.5693 0.00 146321.5817))
                    (0.1800    (61537.8961 0.00 143528.9449))
                    (0.1850    (61303.7774 0.00 140744.0567))
                    (0.1900    (60943.6941 0.00 137972.6393))
                    (0.1950    (60458.3863 0.00 135220.3875))
                    (0.2000    (59848.8510 0.00 132492.9563))
                    (0.2050    (59116.3408 0.00 129795.9501))
                    (0.2100    (58262.3607 0.00 127134.9104))
                    (0.2150    (57288.6655 0.00 124515.3052))
                    (0.2200    (56197.2559 0.00 121942.5170))
                    (0.2250    (54990.3744 0.00 119421.8324))
                    (0.2300    (53670.5010 0.00 116958.4306))
                    (0.2350    (52240.3476 0.00 114557.3735))
                    (0.2400    (50702.8529 0.00 112223.5946))
                    (0.2450    (49061.1761 0.00 109961.8892))
                    (0.2500    (47318.6903 0.00 107776.9047))
                    (0.2550    (45478.9760 0.00 105673.1307))
                    (0.2600    (43545.8134 0.00 103654.8898))
                    (0.2650    (41523.1746 0.00 101726.3291))
                    (0.2700    (39415.2157 0.00 99891.4113))
                    (0.2750    (37226.2680 0.00 98153.9068))
                    (0.2800    (34960.8293 0.00 96517.3856))
                    (0.2850    (32623.5546 0.00 94985.2105))
                    (0.2900    (30219.2462 0.00 93560.5297))
                    (0.2950    (27752.8446 0.00 92246.2705))
                    (0.3000    (25229.4176 0.00 91045.1336))
                    (0.3050    (22654.1502 0.00 89959.5868))
                    (0.3100    (20032.3340 0.00 88991.8607))
                    (0.3150    (17369.3562 0.00 88143.9439))
                    (0.3200    (14670.6885 0.00 87417.5785))
                    (0.3250    (11941.8761 0.00 86814.2570))
                    (0.3300    (9188.5260 0.00 86335.2192))
                    (0.3350    (6416.2957 0.00 85981.4493))
                    (0.3400    (3630.8814 0.00 85753.6743))
                    (0.3450    (838.0066 0.00 85652.3621))
                    (0.3500    (-1956.5901 0.00 85677.7210))
                    (0.3550    (-4747.1665 0.00 85829.6989))
                    (0.3600    (-7527.9887 0.00 86107.9834))
                    (0.3650    (-10293.3426 0.00 86512.0028))
                    (0.3700    (-13037.5462 0.00 87040.9268))
                    (0.3750    (-15754.9607 0.00 87693.6688))
                    (0.3800    (-18440.0027 0.00 88468.8874))
                    (0.3850    (-21087.1548 0.00 89364.9897))
                    (0.3900    (-23690.9779 0.00 90380.1346))
                    (0.3950    (-26246.1218 0.00 91512.2361))
                    (0.4000    (-28747.3362 0.00 92758.9680))
                    (0.4050    (-31189.4818 0.00 94117.7686))
                    (0.4100    (-33567.5405 0.00 95585.8459))
                    (0.4150    (-35876.6259 0.00 97160.1833))
                    (0.4200    (-38111.9936 0.00 98837.5459))
                    (0.4250    (-40269.0503 0.00 100614.4872))
                    (0.4300    (-42343.3637 0.00 102487.3560))
                    (0.4350    (-44330.6718 0.00 104452.3040))
                    (0.4400    (-46226.8910 0.00 106505.2937))
                    (0.4450    (-48028.1251 0.00 108642.1067))
                    (0.4500    (-49730.6729 0.00 110858.3524))
                    (0.4550    (-51331.0362 0.00 113149.4768))
                    (0.4600    (-52825.9266 0.00 115510.7724))
                    (0.4650    (-54212.2724 0.00 117937.3872))
                    (0.4700    (-55487.2251 0.00 120424.3350))
                    (0.4750    (-56648.1648 0.00 122966.5059))
                    (0.4800    (-57692.7063 0.00 125558.6763))
                    (0.4850    (-58618.7031 0.00 128195.5198))
                    (0.4900    (-59424.2526 0.00 130871.6185))
                    (0.4950    (-60107.6995 0.00 133581.4735))
                    (0.5000    (-60667.6396 0.00 136319.5168))
                    (0.5050    (-61102.9224 0.00 139080.1223))
                    (0.5100    (-61412.6533 0.00 141857.6177))
                    (0.5150    (-61596.1960 0.00 144646.2959))
                    (0.5200    (-61653.1734 0.00 147440.4268))
                    (0.5250    (-61583.4684 0.00 150234.2692))
                    (0.5300    (-61387.2241 0.00 153022.0823))
                    (0.5350    (-61064.8439 0.00 155798.1380))
                    (0.5400    (-60616.9902 0.00 158556.7320))
                    (0.5450    (-60044.5831 0.00 161292.1962))
                    (0.5500    (-59348.7989 0.00 163998.9097))
                    (0.5550    (-58531.0671 0.00 166671.3110))
                    (0.5600    (-57593.0682 0.00 169303.9090))
                    (0.5650    (-56536.7293 0.00 171891.2942))
                    (0.5700    (-55364.2211 0.00 174428.1502))
                    (0.5750    (-54077.9527 0.00 176909.2644))
                    (0.5800    (-52680.5672 0.00 179329.5387))
                    (0.5850    (-51174.9358 0.00 181684.0000))
                    (0.5900    (-49564.1522 0.00 183967.8105))
                    (0.5950    (-47851.5263 0.00 186176.2774))
                    (0.6000    (-46040.5769 0.00 188304.8630))
                    (0.6050    (-44135.0253 0.00 190349.1934))
                    (0.6100    (-42138.7868 0.00 192305.0681))
                    (0.6150    (-40055.9633 0.00 194168.4683))
                    (0.6200    (-37890.8344 0.00 195935.5650))
                    (0.6250    (-35647.8489 0.00 197602.7273))
                    (0.6300    (-33331.6157 0.00 199166.5297))
                    (0.6350    (-30946.8941 0.00 200623.7588))
                    (0.6400    (-28498.5841 0.00 201971.4205))
                    (0.6450    (-25991.7163 0.00 203206.7455))
                    (0.6500    (-23431.4418 0.00 204327.1957))
                    (0.6550    (-20823.0214 0.00 205330.4687))
                    (0.6600    (-18171.8146 0.00 206214.5030))
                    (0.6650    (-15483.2692 0.00 206977.4822))
                    (0.6700    (-12762.9093 0.00 207617.8386))
                    (0.6750    (-10016.3248 0.00 208134.2564))
                    (0.6800    (-7249.1591 0.00 208525.6744))
                    (0.6850    (-4467.0981 0.00 208791.2884))
                    (0.6900    (-1675.8584 0.00 208930.5526))
                    (0.6950    (1118.8249 0.00 208943.1808))
                    (0.7000    (3911.2092 0.00 208829.1472))
                    (0.7050    (6695.5570 0.00 208588.6860))
                    (0.7100    (9466.1470 0.00 208222.2913))
                    (0.7150    (12217.2863 0.00 207730.7159))
                    (0.7200    (14943.3221 0.00 207114.9700))
                    (0.7250    (17638.6529 0.00 206376.3187))
                    (0.7300    (20297.7405 0.00 205516.2799))
                    (0.7350    (22915.1212 0.00 204536.6205))
                    (0.7400    (25485.4168 0.00 203439.3538))
                    (0.7450    (28003.3460 0.00 202226.7341))
                    (0.7500    (30463.7351 0.00 200901.2533))
                    (0.7550    (32861.5286 0.00 199465.6348))
                    (0.7600    (35191.7995 0.00 197922.8284))
                    (0.7650    (37449.7598 0.00 196276.0044))
                    (0.7700    (39630.7698 0.00 194528.5464))
                    (0.7750    (41730.3481 0.00 192684.0452))
                    (0.7800    (43744.1806 0.00 190746.2907))
                    (0.7850    (45668.1294 0.00 188719.2645))
                    (0.7900    (47498.2411 0.00 186607.1317))
                    (0.7950    (49230.7554 0.00 184414.2322))
                    (0.8000    (50862.1124 0.00 182145.0719))
                    (0.8050    (52388.9599 0.00 179804.3134))
                    (0.8100    (53808.1608 0.00 177396.7663))
                    (0.8150    (55116.7989 0.00 174927.3776))
                    (0.8200    (56312.1852 0.00 172401.2213))
                    (0.8250    (57391.8635 0.00 169823.4881))
                    (0.8300    (58353.6154 0.00 167199.4745))
                    (0.8350    (59195.4646 0.00 164534.5723))
                    (0.8400    (59915.6814 0.00 161834.2572))
                    (0.8450    (60512.7859 0.00 159104.0777))
                    (0.8500    (60985.5513 0.00 156349.6436))
                    (0.8550    (61333.0059 0.00 153576.6147))
                    (0.8600    (61554.4361 0.00 150790.6889))
                    (0.8650    (61649.3867 0.00 147997.5906))
                    (0.8700    (61617.6626 0.00 145203.0588))
                    (0.8750    (61459.3291 0.00 142412.8358))
                    (0.8800    (61174.7115 0.00 139632.6548))
                    (0.8850    (60764.3946 0.00 136868.2282))
                    (0.8900    (60229.2215 0.00 134125.2365))
                    (0.8950    (59570.2918 0.00 131409.3157))
                    (0.9000    (58788.9595 0.00 128726.0465))
                    (0.9050    (57886.8301 0.00 126080.9422))
                    (0.9100    (56865.7572 0.00 123479.4380))
                    (0.9150    (55727.8388 0.00 120926.8794))
                    (0.9200    (54475.4132 0.00 118428.5111))
                    (0.9250    (53111.0537 0.00 115989.4668))
                    (0.9300    (51637.5637 0.00 113614.7581))
                    (0.9350    (50057.9711 0.00 111309.2645))
                    (0.9400    (48375.5213 0.00 109077.7231))
                    (0.9450    (46593.6715 0.00 106924.7193))
                    (0.9500    (44716.0829 0.00 104854.6770))
                    (0.9550    (42746.6135 0.00 102871.8497))
                    (0.9600    (40689.3102 0.00 100980.3114))
                    (0.9650    (38548.4001 0.00 99183.9490))
                    (0.9700    (36328.2823 0.00 97486.4535))
                    (0.9750    (34033.5187 0.00 95891.3128))
                    (0.9800    (31668.8244 0.00 94401.8046))
                    (0.9850    (29239.0582 0.00 93020.9895))
                    (0.9900    (26749.2129 0.00 91751.7046))
                    (0.9950    (24204.4043 0.00 90596.5581))
                    (1.0000    (21609.8615 0.00 89557.9235))
                    (1.0050    (18970.9157 0.00 88637.9350))
                    (1.0100    (16292.9892 0.00 87838.4829))
                    (1.0150    (13581.5845 0.00 87161.2099))
                    (1.0200    (10842.2730 0.00 86607.5077))
                    (1.0250    (8080.6832 0.00 86178.5138))
                    (1.0300    (5302.4895 0.00 85875.1100))
                    (1.0350    (2513.4005 0.00 85697.9194))
                    (1.0400    (-280.8529 0.00 85647.3064))
                    (1.0450    (-3074.5293 0.00 85723.3747))
                    (1.0500    (-5861.8882 0.00 85925.9682))
                    (1.0550    (-8637.2024 0.00 86254.6706))
                    (1.0600    (-11394.7692 0.00 86708.8064))
                    (1.0650    (-14128.9225 0.00 87287.4425))
                    (1.0700    (-16834.0442 0.00 87989.3899))
                    (1.0750    (-19504.5761 0.00 88813.2064))
                    (1.0800    (-22135.0307 0.00 89757.1992))
                    (1.0850    (-24720.0032 0.00 90819.4285))
                    (1.0900    (-27254.1821 0.00 91997.7119))
                    (1.0950    (-29732.3601 0.00 93289.6281))
                    (1.1000    (-32149.4453 0.00 94692.5226))
                    (1.1050    (-34500.4712 0.00 96203.5128))
                    (1.1100    (-36780.6069 0.00 97819.4940))
                    (1.1150    (-38985.1672 0.00 99537.1458))
                    (1.1200    (-41109.6225 0.00 101352.9386))
                    (1.1250    (-43149.6074 0.00 103263.1417))
                    (1.1300    (-45100.9302 0.00 105263.8298))
                    (1.1350    (-46959.5815 0.00 107350.8922))
                    (1.1400    (-48721.7422 0.00 109520.0404))
                    (1.1450    (-50383.7914 0.00 111766.8173))
                    (1.1500    (-51942.3141 0.00 114086.6063))
                    (1.1550    (-53394.1078 0.00 116474.6408))
                    (1.1600    (-54736.1894 0.00 118926.0141))
                    (1.1650    (-55965.8014 0.00 121435.6890))
                    (1.1700    (-57080.4172 0.00 123998.5089))
                    (1.1750    (-58077.7464 0.00 126609.2077))
                    (1.1800    (-58955.7398 0.00 129262.4212))
                    (1.1850    (-59712.5934 0.00 131952.6975))
                    (1.1900    (-60346.7520 0.00 134674.5088))
                    (1.1950    (-60856.9126 0.00 137422.2624))
                    (1.2000    (-61242.0269 0.00 140190.3125))
                    (1.2050    (-61501.3035 0.00 142972.9712))
                    (1.2100    (-61634.2098 0.00 145764.5209))
                    (1.2150    (-61640.4726 0.00 148559.2257))
                    (1.2200    (-61520.0791 0.00 151351.3431))
                    (1.2250    (-61273.2766 0.00 154135.1359))
                    (1.2300    (-60900.5723 0.00 156904.8842))
                    (1.2350    (-60402.7320 0.00 159654.8967))
                    (1.2400    (-59780.7787 0.00 162379.5229))
                    (1.2450    (-59035.9902 0.00 165073.1643))
                    (1.2500    (-58169.8970 0.00 167730.2862))
                    (1.2550    (-57184.2787 0.00 170345.4287))
                    (1.2600    (-56081.1604 0.00 172913.2184))
                    (1.2650    (-54862.8089 0.00 175428.3792))
                    (1.2700    (-53531.7275 0.00 177885.7429))
                    (1.2750    (-52090.6513 0.00 180280.2602))
                    (1.2800    (-50542.5413 0.00 182607.0111))
                    (1.2850    (-48890.5786 0.00 184861.2145))
                    (1.2900    (-47138.1575 0.00 187038.2387))
                    (1.2950    (-45288.8789 0.00 189133.6104))
                    (1.3000    (-43346.5425 0.00 191143.0241))
                    (1.3050    (-41315.1395 0.00 193062.3509))
                    (1.3100    (-39198.8437 0.00 194887.6472))
                    (1.3150    (-37002.0038 0.00 196615.1622))
                    (1.3200    (-34729.1337 0.00 198241.3465))
                    (1.3250    (-32384.9035 0.00 199762.8586))
                    (1.3300    (-29974.1302 0.00 201176.5722))
                    (1.3350    (-27501.7673 0.00 202479.5823))
                    (1.3400    (-24972.8948 0.00 203669.2118))
                    (1.3450    (-22392.7091 0.00 204743.0160))
                    (1.3500    (-19766.5118 0.00 205698.7887))
                    (1.3550    (-17099.6990 0.00 206534.5660))
                    (1.3600    (-14397.7505 0.00 207248.6304))
                    (1.3650    (-11666.2180 0.00 207839.5149))
                    (1.3700    (-8910.7143 0.00 208306.0053))
                    (1.3750    (-6136.9012 0.00 208647.1430))
                    (1.3800    (-3350.4783 0.00 208862.2271))
                    (1.3850    (-557.1709 0.00 208950.8157))
                    (1.3900    (2237.2813 0.00 208912.7266))
                    (1.3950    (5027.1364 0.00 208748.0383))
                    (1.4000    (7806.6620 0.00 208457.0890))
                    (1.4050    (10570.1468 0.00 208040.4767))
                    (1.4100    (13311.9125 0.00 207499.0573))
                    (1.4150    (16026.3254 0.00 206833.9433))
                    (1.4200    (18707.8080 0.00 206046.5014))
                    (1.4250    (21350.8507 0.00 205138.3496))
                    (1.4300    (23950.0224 0.00 204111.3539))
                    (1.4350    (26499.9827 0.00 202967.6246))
                    (1.4400    (28995.4918 0.00 201709.5117))
                    (1.4450    (31431.4222 0.00 200339.6004))
                    (1.4500    (33802.7686 0.00 198860.7054))
                    (1.4550    (36104.6584 0.00 197275.8657))
                    (1.4600    (38332.3619 0.00 195588.3375))
                    (1.4650    (40481.3016 0.00 193801.5885))
                    (1.4700    (42547.0620 0.00 191919.2899))
                    (1.4750    (44525.3984 0.00 189945.3094))
                    (1.4800    (46412.2458 0.00 187883.7030))
                    (1.4850    (48203.7273 0.00 185738.7069))
                    (1.4900    (49896.1616 0.00 183514.7286))
                    (1.4950    (51486.0714 0.00 181216.3376))
                    (1.5000    (52970.1898 0.00 178848.2568))
                    (1.5050    (54345.4671 0.00 176415.3519))
                    (1.5100    (55609.0776 0.00 173922.6220))
                    (1.5150    (56758.4248 0.00 171375.1890))
                    (1.5200    (57791.1471 0.00 168778.2873))
                    (1.5250    (58705.1226 0.00 166137.2528))
                    (1.5300    (59498.4731 0.00 163457.5124))
                    (1.5350    (60169.5686 0.00 160744.5721))
                    (1.5400    (60717.0302 0.00 158004.0065))
                    (1.5450    (61139.7329 0.00 155241.4468))
                    (1.5500    (61436.8081 0.00 152462.5693))
                    (1.5550    (61607.6455 0.00 149673.0839))
                    (1.5600    (61651.8940 0.00 146878.7224))
                    (1.5650    (61569.4627 0.00 144085.2266))
                    (1.5700    (61360.5211 0.00 141298.3363))
                    (1.5750    (61025.4983 0.00 138523.7780))
                    (1.5800    (60565.0828 0.00 135767.2528))
                    (1.5850    (59980.2206 0.00 133034.4245))
                    (1.5900    (59272.1136 0.00 130330.9086))
                    (1.5950    (58442.2166 0.00 127662.2600))
                    (1.6000    (57492.2349 0.00 125033.9623))
                    (1.6050    (56424.1206 0.00 122451.4160))
                    (1.6100    (55240.0682 0.00 119919.9275))
                    (1.6150    (53942.5109 0.00 117444.6984))
                    (1.6200    (52534.1146 0.00 115030.8148))
                    (1.6250    (51017.7734 0.00 112683.2367))
                    (1.6300    (49396.6030 0.00 110406.7876))
                    (1.6350    (47673.9344 0.00 108206.1452))
                    (1.6400    (45853.3074 0.00 106085.8312))
                    (1.6450    (43938.4629 0.00 104050.2025))
                    (1.6500    (41933.3354 0.00 102103.4416))
                    (1.6550    (39842.0451 0.00 100249.5488))
                    (1.6600    (37668.8889 0.00 98492.3334))
                    (1.6650    (35418.3322 0.00 96835.4059))
                    (1.6700    (33094.9994 0.00 95282.1711))
                    (1.6750    (30703.6643 0.00 93835.8203))
                    (1.6800    (28249.2406 0.00 92499.3256))
                    (1.6850    (25736.7715 0.00 91275.4330))
                    (1.6900    (23171.4195 0.00 90166.6575))
                    (1.6950    (20558.4558 0.00 89175.2772))
                    (1.7000    (17903.2495 0.00 88303.3292))
                    (1.7050    (15211.2563 0.00 87552.6051))
                    (1.7100    (12488.0076 0.00 86924.6476))
                    (1.7150    (9739.0991 0.00 86420.7469))
                    (1.7200    (6970.1791 0.00 86041.9384))
                    (1.7250    (4186.9370 0.00 85789.0004))
                    (1.7300    (1395.0918 0.00 85662.4528))
                    (1.7350    (-1399.6200 0.00 85662.5554))
                    (1.7400    (-4191.4559 0.00 85789.3082))
                    (1.7450    (-6974.6793 0.00 86042.4506))
                    (1.7500    (-9743.5715 0.00 86421.4625))
                    (1.7550    (-12492.4430 0.00 86925.5652))
                    (1.7600    (-15215.6455 0.00 87553.7228))
                    (1.7650    (-17907.5836 0.00 88304.6446))
                    (1.7700    (-20562.7259 0.00 89176.7876))
                    (1.7750    (-23175.6167 0.00 90168.3599))
                    (1.7800    (-25740.8872 0.00 91277.3239))
                    (1.7850    (-28253.2664 0.00 92501.4010))
                    (1.7900    (-30707.5919 0.00 93838.0761))
                    (1.7950    (-33098.8207 0.00 95284.6025))
                    (1.8000    (-35422.0394 0.00 96838.0080))
                    (1.8050    (-37672.4744 0.00 98495.1008))
                    (1.8100    (-39845.5015 0.00 100252.4759))
                    (1.8150    (-41936.6557 0.00 102106.5223))
                    (1.8200    (-43941.6401 0.00 104053.4305))
                    (1.8250    (-45856.3351 0.00 106089.1999))
                    (1.8300    (-47676.8063 0.00 108209.6476))
                    (1.8350    (-49399.3132 0.00 110410.4166))
                    (1.8400    (-51020.3164 0.00 112686.9847))
                    (1.8450    (-52536.4851 0.00 115034.6743))
                    (1.8500    (-53944.7040 0.00 117448.6614))
                    (1.8550    (-55242.0796 0.00 119923.9857))
                    (1.8600    (-56425.9459 0.00 122455.5612))
                    (1.8650    (-57493.8705 0.00 125038.1860))
                    (1.8700    (-58443.6591 0.00 127666.5535))
                    (1.8750    (-59273.3600 0.00 130335.2630))
                    (1.8800    (-59981.2685 0.00 133038.8309))
                    (1.8850    (-60565.9299 0.00 135771.7021))
                    (1.8900    (-61026.1428 0.00 138528.2612))
                    (1.8950    (-61360.9618 0.00 141302.8441))
                    (1.9000    (-61569.6988 0.00 144089.7497))
                    (1.9050    (-61651.9248 0.00 146883.2516))
                    (1.9100    (-61607.4710 0.00 149677.6098))
                    (1.9150    (-61436.4287 0.00 152467.0826))
                    (1.9200    (-61139.1493 0.00 155245.9383))
                    (1.9250    (-60716.2437 0.00 158008.4670))
                    (1.9300    (-60168.5808 0.00 160748.9924))
                    (1.9350    (-59497.2860 0.00 163461.8833))
                    (1.9400    (-58703.7386 0.00 166141.5655))
                    (1.9450    (-57789.5691 0.00 168782.5328))
                    (1.9500    (-56756.6560 0.00 171379.3586))
                    (1.9550    (-55607.1216 0.00 173926.7072))
                    (1.9600    (-54343.3280 0.00 176419.3443))
                    (1.9650    (-52967.8720 0.00 178852.1481))
                    (1.9700    (-51483.5797 0.00 181220.1199))
                    (1.9750    (-49893.5010 0.00 183518.3940))
                    (1.9800    (-48200.9033 0.00 185742.2481))
                    (1.9850    (-46409.2642 0.00 187887.1125))
                    (1.9900    (-44522.2654 0.00 189948.5803))
                    (1.9950    (-42543.7839 0.00 191922.4154))
                    (2.0000    (-40477.8853 0.00 193804.5623))
                    (2.0050    (-38328.8143 0.00 195591.1535))
                    (2.0100    (-36100.9869 0.00 197278.5179))
                    (2.0150    (-33798.9806 0.00 198863.1886))
                    (2.0200    (-31427.5256 0.00 200341.9093))
                    (2.0250    (-28991.4946 0.00 201711.6417))
                    (2.0300    (-26495.8930 0.00 202969.5713))
                    (2.0350    (-23945.8488 0.00 204113.1133))
                    (2.0400    (-21346.6016 0.00 205139.9180))
                    (2.0450    (-18703.4922 0.00 206047.8756))
                    (2.0500    (-16021.9517 0.00 206835.1205))
                    (2.0550    (-13307.4900 0.00 207500.0351))
                    (2.0600    (-10565.6845 0.00 208041.2530))
                    (2.0650    (-7802.1692 0.00 208457.6624))
                    (2.0700    (-5022.6222 0.00 208748.4074))
                    (2.0750    (-2232.7550 0.00 208912.8908))
                    (2.0800    (561.7000 0.00 208950.7746))
                    (2.0850    (3355.0009 0.00 208861.9808))
                    (2.0900    (6141.4080 0.00 208646.6920))
                    (2.0950    (8915.1960 0.00 208305.3505))
                    (2.1000    (11670.6655 0.00 207838.6577))
                    (2.1050    (14402.1545 0.00 207247.5726))
                    (2.1100    (17104.0506 0.00 206533.3096))
                    (2.1150    (19770.8019 0.00 205697.3364))
                    (2.1200    (22396.9291 0.00 204741.3708))
                    (2.1250    (24977.0359 0.00 203667.3770))
                    (2.1300    (27505.8209 0.00 202477.5618))
                    (2.1350    (29978.0881 0.00 201174.3700))
                    (2.1400    (32388.7576 0.00 199760.4793))
                    (2.1450    (34732.8759 0.00 198238.7950))
                    (2.1500    (37005.6266 0.00 196612.4438))
                    (2.1550    (39202.3396 0.00 194884.7673))
                    (2.1600    (41318.5012 0.00 193059.3156))
                    (2.1650    (43349.7633 0.00 191139.8396))
                    (2.1700    (45291.9520 0.00 189130.2832))
                    (2.1750    (47141.0767 0.00 187034.7756))
                    (2.1800    (48893.3379 0.00 184857.6227))
                    (2.1850    (50545.1350 0.00 182603.2979))
                    (2.1900    (52093.0740 0.00 180276.4333))
                    (2.1950    (53533.9743 0.00 177881.8101))
                    (2.2000    (54864.8751 0.00 175424.3486))
                    (2.2050    (56083.0419 0.00 172909.0984))
                    (2.2100    (57185.9715 0.00 170341.2277))
                    (2.2150    (58171.3977 0.00 167726.0127))
                    (2.2200    (59037.2957 0.00 165068.8273))
                    (2.2250    (59781.8863 0.00 162375.1311))
                    (2.2300    (60403.6395 0.00 159650.4592))
                    (2.2350    (60901.2778 0.00 156900.4101))
                    (2.2400    (61273.7786 0.00 154130.6345))
                    (2.2450    (61520.3765 0.00 151346.8235))
                    (2.2500    (61640.5649 0.00 148554.6973))
                    (2.2550    (61634.0968 0.00 145759.9930))
                    (2.2600    (61500.9855 0.00 142968.4531))
                    (2.2650    (61241.5044 0.00 140185.8134))
                    (2.2700    (60856.1868 0.00 137417.7917))
                    (2.2750    (60345.8244 0.00 134670.0755))
                    (2.2800    (59711.4658 0.00 131948.3108))
                    (2.2850    (58954.4146 0.00 129258.0901))
                    (2.2900    (58076.2262 0.00 126604.9412))
                    (2.2950    (57078.7052 0.00 123994.3156))
                    (2.3000    (55963.9012 0.00 121431.5776))
                    (2.3050    (54734.1048 0.00 118921.9930))
                    (2.3100    (53391.8431 0.00 116470.7184))
                    (2.3150    (51939.8739 0.00 114082.7905))
                    (2.3200    (50381.1809 0.00 111763.1160))
                    (2.3250    (48718.9666 0.00 109516.4612))
                    (2.3300    (46956.6466 0.00 107347.4425))
                    (2.3350    (45097.8420 0.00 105260.5166))
                    (2.3400    (43146.3722 0.00 103259.9718))
                    (2.3450    (41106.2469 0.00 101349.9187))
                    (2.3500    (38981.6583 0.00 99534.2819))
                    (2.3550    (36776.9717 0.00 97816.7921))
                    (2.3600    (34496.7173 0.00 96200.9784))
                    (2.3650    (32145.5805 0.00 94690.1609))
                    (2.3700    (29728.3922 0.00 93287.4440))
                    (2.3750    (27250.1193 0.00 91995.7098))
                    (2.3800    (24715.8539 0.00 90817.6127))
                    (2.3850    (22130.8033 0.00 89755.5732))
                    (2.3900    (19500.2794 0.00 88811.7737))
                    (2.3950    (16829.6870 0.00 87988.1534))
                    (2.4000    (14124.5137 0.00 87286.4047))
                    (2.4050    (11390.3179 0.00 86707.9694))
                    (2.4100    (8632.7177 0.00 86254.0362))
                    (2.4150    (5857.3794 0.00 85925.5377))
                    (2.4200    (3070.0056 0.00 85723.1490))
                    (2.4250    (276.3237 0.00 85647.2859))
                    (2.4300    (-2517.9260 0.00 85698.1043))
                    (2.4350    (-5307.0020 0.00 85875.4997))
                    (2.4400    (-8085.1734 0.00 86179.1076))
                    (2.4450    (-10846.7317 0.00 86608.3043))
                    (2.4500    (-13586.0025 0.00 87162.2078))
                    (2.4550    (-16297.3575 0.00 87839.6800))
                    (2.4600    (-18975.2252 0.00 88639.3289))
                    (2.4650    (-21614.1034 0.00 89559.5112))
                    (2.4700    (-24208.5699 0.00 90598.3364))
                    (2.4750    (-26753.2936 0.00 91753.6698))
                    (2.4800    (-29243.0457 0.00 93023.1376))
                    (2.4850    (-31672.7104 0.00 94404.1313))
                    (2.4900    (-34037.2953 0.00 95893.8132))
                    (2.4950    (-36331.9417 0.00 97489.1225))
                    (2.5000    (-38551.9348 0.00 99186.7811))
                    (2.5050    (-40692.7129 0.00 100983.3008))
                    (2.5100    (-42749.8773 0.00 102874.9901))
                    (2.5150    (-44719.2010 0.00 104857.9622))
                    (2.5200    (-46596.6375 0.00 106928.1424))
                    (2.5250    (-48378.3291 0.00 109081.2771))
                    (2.5300    (-50060.6149 0.00 111312.9420))
                    (2.5350    (-51640.0383 0.00 113618.5517))
                    (2.5400    (-53113.3537 0.00 115993.3686))
                    (2.5450    (-54477.5340 0.00 118432.5132))
                    (2.5500    (-55729.7761 0.00 120930.9734))
                    (2.5550    (-56867.5070 0.00 123483.6157))
                    (2.5600    (-57888.3888 0.00 126085.1949))
                    (2.5650    (-58790.3239 0.00 128730.3654))
                    (2.5700    (-59571.4590 0.00 131413.6920))
                    (2.5750    (-60230.1892 0.00 134129.6612))
                    (2.5800    (-60765.1608 0.00 136872.6923))
                    (2.5850    (-61175.2746 0.00 139637.1489))
                    (2.5900    (-61459.6880 0.00 142417.3509))
                    (2.5950    (-61617.8165 0.00 145207.5855))
                    (2.6000    (-61649.3353 0.00 148002.1196))
                    (2.6050    (-61554.1795 0.00 150795.2109))
                    (2.6100    (-61332.5447 0.00 153581.1205))
                    (2.6150    (-60984.8863 0.00 156354.1238))
                    (2.6200    (-60511.9186 0.00 159108.5231))
                    (2.6250    (-59914.6135 0.00 161838.6588))
                    (2.6300    (-59194.1983 0.00 164538.9210))
                    (2.6350    (-58352.1533 0.00 167203.7613))
                    (2.6400    (-57390.2087 0.00 169827.7043))
                    (2.6450    (-56310.3410 0.00 172405.3582))
                    (2.6500    (-55114.7691 0.00 174931.4266))
                    (2.6550    (-53805.9496 0.00 177400.7192))
                    (2.6600    (-52386.5719 0.00 179808.1620))
                    (2.6650    (-50859.5524 0.00 182148.8083))
                    (2.6700    (-49228.0287 0.00 184417.8488))
                    (2.6750    (-47495.3533 0.00 186610.6210))
                    (2.6800    (-45665.0864 0.00 188722.6193))
                    (2.6850    (-43740.9888 0.00 190749.5042))
                    (2.6900    (-41727.0139 0.00 192687.1107))
                    (2.6950    (-39627.3001 0.00 194531.4577))
                    (2.7000    (-37446.1617 0.00 196278.7554))
                    (2.7050    (-35188.0805 0.00 197925.4136))
                    (2.7100    (-32857.6962 0.00 199468.0488))
                    (2.7150    (-30459.7973 0.00 200903.4911))
                    (2.7200    (-27999.3108 0.00 202228.7912))
                    (2.7250    (-25481.2925 0.00 203441.2259))
                    (2.7300    (-22910.9163 0.00 204538.3038))
                    (2.7350    (-20293.4637 0.00 205517.7709))
                    (2.7400    (-17634.3128 0.00 206377.6144))
                    (2.7450    (-14938.9278 0.00 207116.0676))
                    (2.7500    (-12212.8468 0.00 207731.6133))
                    (2.7550    (-9461.6713 0.00 208222.9865))
                    (2.7600    (-6691.0544 0.00 208589.1777))
                    (2.7650    (-3906.6890 0.00 208829.4344))
                    (2.7700    (-1114.2963 0.00 208943.2629))
                    (2.7750    (1680.3860 0.00 208930.4293))
                    (2.7800    (4471.6155 0.00 208790.9600))
                    (2.7850    (7253.6570 0.00 208525.1417))
                    (2.7900    (10020.7939 0.00 208133.5204))
                    (2.7950    (12767.3405 0.00 207616.9008))
                    (2.8000    (15487.6533 0.00 206976.3446))
                    (2.8050    (18176.1427 0.00 206213.1679))
                    (2.8100    (20827.2845 0.00 205328.9388))
                    (2.8150    (23435.6312 0.00 204325.4741))
                    (2.8200    (25995.8234 0.00 203204.8359))
                    (2.8250    (28502.6004 0.00 201969.3267))
                    (2.8300    (30950.8114 0.00 200621.4852))
                    (2.8350    (33335.4260 0.00 199164.0809))
                    (2.8400    (35651.5443 0.00 197600.1084))
                    (2.8450    (37894.4072 0.00 195932.7812))
                    (2.8500    (40059.4063 0.00 194165.5255))
                    (2.8550    (42142.0930 0.00 192301.9723))
                    (2.8600    (44138.1877 0.00 190345.9510))
                    (2.8650    (46043.5892 0.00 188301.4805))
                    (2.8700    (47854.3821 0.00 186172.7619))
                    (2.8750    (49566.8459 0.00 183964.1692))
                    (2.8800    (51177.4617 0.00 181680.2404))
                    (2.8850    (52682.9201 0.00 179325.6685))
                    (2.8900    (54080.1278 0.00 176905.2915))
                    (2.8950    (55366.2139 0.00 174424.0829))
                    (2.9000    (56538.5357 0.00 171887.1407))
                    (2.9050    (57594.6845 0.00 169299.6779))
                    (2.9100    (58532.4901 0.00 166667.0111))
                    (2.9150    (59350.0255 0.00 163994.5497))
                    (2.9200    (60045.6108 0.00 161287.7850))
                    (2.9250    (60617.8170 0.00 158552.2788))
                    (2.9300    (61065.4681 0.00 155793.6519))
                    (2.9350    (61387.6443 0.00 153017.5726))
                    (2.9400    (61583.6838 0.00 150229.7450))
                    (2.9450    (61653.1836 0.00 147435.8975))
                    (2.9500    (61596.0009 0.00 144641.7708))
                    (2.9550    (61412.2533 0.00 141853.1061))
                    (2.9600    (61102.3183 0.00 139075.6335))
                    (2.9650    (60666.8328 0.00 136315.0599))
                    (2.9700    (60106.6915 0.00 133577.0578))
                    (2.9750    (59423.0455 0.00 130867.2530))
                    (2.9800    (58617.2994 0.00 128191.2135))
                    (2.9850    (57691.1089 0.00 125554.4380))
                    (2.9900    (56646.3770 0.00 122962.3444))
                    (2.9950    (55485.2505 0.00 120420.2588))
                    (3.0000    (54210.1152 0.00 117933.4046))
                    (3.0050    (52823.5911 0.00 115506.8917))
                    (3.0100    (51328.5272 0.00 113145.7059))
                    (3.0150    (49727.9956 0.00 110854.6991))
                    (3.0200    (48025.2850 0.00 108638.5785))
                    (3.0250    (46223.8939 0.00 106501.8978))
                    (3.0300    (44327.5239 0.00 104449.0474))
                    (3.0350    (42340.0715 0.00 102484.2454))
                    (3.0400    (40265.6204 0.00 100611.5290))
                    (3.0450    (38108.4332 0.00 98834.7462))
                    (3.0500    (35872.9424 0.00 97157.5477))
                    (3.0550    (33563.7412 0.00 95583.3800))
                    (3.0600    (31185.5747 0.00 94115.4774))
                    (3.0650    (28743.3293 0.00 92756.8563))
                    (3.0700    (26242.0233 0.00 91510.3081))
                    (3.0750    (23686.7963 0.00 90378.3943))
                    (3.0800    (21082.8986 0.00 89363.4408))
                    (3.0850    (18435.6806 0.00 88467.5329))
                    (3.0900    (15750.5818 0.00 87692.5115))
                    (3.0950    (13033.1193 0.00 87039.9692))
                    (3.1000    (10288.8768 0.00 86511.2467))
                    (3.1050    (7523.4932 0.00 86107.4305))
                    (3.1100    (4742.6507 0.00 85829.3503))
                    (3.1150    (1952.0631 0.00 85677.5775))
                    (3.1200    (-842.5355 0.00 85652.4239))
                    (3.1250    (-3635.4029 0.00 85753.9412))
                    (3.1300    (-6420.8004 0.00 85981.9208))
                    (3.1350    (-9193.0047 0.00 86335.8944))
                    (3.1400    (-11946.3196 0.00 86815.1345))
                    (3.1450    (-14675.0876 0.00 87418.6564))
                    (3.1500    (-17373.7020 0.00 88145.2200))
                    (3.1550    (-20036.6175 0.00 88993.3325))
                    (3.1600    (-22658.3626 0.00 89961.2512))
                    (3.1650    (-25233.5503 0.00 91046.9872))
                    (3.1700    (-27756.8890 0.00 92248.3095))
                    (3.1750    (-30223.1941 0.00 93562.7499))
                    (3.1800    (-32627.3977 0.00 94987.6073))
                    (3.1850    (-34964.5599 0.00 96519.9541))
                    (3.1900    (-37229.8784 0.00 98156.6417))
                    (3.1950    (-39418.6984 0.00 99894.3070))
                    (3.2000    (-41526.5225 0.00 101729.3797))
                    (3.2050    (-43549.0196 0.00 103658.0889))
                    (3.2100    (-45482.0340 0.00 105676.4718))
                    (3.2150    (-47321.5937 0.00 107780.3811))
                    (3.2200    (-49063.9189 0.00 109965.4936))
                    (3.2250    (-50705.4296 0.00 112227.3195))
                    (3.2300    (-52242.7529 0.00 114561.2114))
                    (3.2350    (-53672.7299 0.00 116962.3735))
                    (3.2400    (-54992.4223 0.00 119425.8722))
                    (3.2450    (-56199.1186 0.00 121946.6456))
                    (3.2500    (-57290.3392 0.00 124519.5139))
                    (3.2550    (-58263.8419 0.00 127139.1907))
                    (3.2600    (-59117.6265 0.00 129800.2930))
                    (3.2650    (-59849.9386 0.00 132497.3531))
                    (3.2700    (-60459.2735 0.00 135224.8290))
                    (3.2750    (-60944.3792 0.00 137977.1165))
                    (3.2800    (-61304.2588 0.00 140748.5603))
                    (3.2850    (-61538.1730 0.00 143533.4657))
                    (3.2900    (-61645.6410 0.00 146326.1105))
                    (3.2950    (-61626.4420 0.00 149120.7563))
                    (3.3000    (-61480.6156 0.00 151911.6609))
                    (3.3050    (-61208.4613 0.00 154693.0897))
                    (3.3100    (-60810.5384 0.00 157459.3274))
                    (3.3150    (-60287.6644 0.00 160204.6902))
                    (3.3200    (-59640.9138 0.00 162923.5370))
                    (3.3250    (-58871.6155 0.00 165610.2811))
                    (3.3300    (-57981.3502 0.00 168259.4021))
                    (3.3350    (-56971.9472 0.00 170865.4565))
                    (3.3400    (-55845.4806 0.00 173423.0895))
                    (3.3450    (-54604.2650 0.00 175927.0459))
                    (3.3500    (-53250.8507 0.00 178372.1806))
                    (3.3550    (-51788.0188 0.00 180753.4695))
                    (3.3600    (-50218.7749 0.00 183066.0196))
                    (3.3650    (-48546.3436 0.00 185305.0791))
                    (3.3700    (-46774.1612 0.00 187466.0473))
                    (3.3750    (-44905.8692 0.00 189544.4839))
                    (3.3800    (-42945.3064 0.00 191536.1183))
                    (3.3850    (-40896.5014 0.00 193436.8582))
                    (3.3900    (-38763.6639 0.00 195242.7979))
                    (3.3950    (-36551.1765 0.00 196950.2267))
                    (3.4000    (-34263.5851 0.00 198555.6362))
                    (3.4050    (-31905.5904 0.00 200055.7278))
                    (3.4100    (-29482.0373 0.00 201447.4190))
                    (3.4150    (-26997.9057 0.00 202727.8504))
                    (3.4200    (-24458.3000 0.00 203894.3908))
                    (3.4250    (-21868.4383 0.00 204944.6434))
                    (3.4300    (-19233.6423 0.00 205876.4502))
                    (3.4350    (-16559.3258 0.00 206687.8964))
                    (3.4400    (-13850.9838 0.00 207377.3148))
                    (3.4450    (-11114.1814 0.00 207943.2889))
                    (3.4500    (-8354.5420 0.00 208384.6555))
                    (3.4550    (-5577.7361 0.00 208700.5079))
                    (3.4600    (-2789.4692 0.00 208890.1970))
                    (3.4650    (4.5293 0.00 208953.3332))
                    (3.4700    (2798.5185 0.00 208889.7865))
                    (3.4750    (5586.7575 0.00 208699.6877))
                    (3.4800    (8363.5170 0.00 208383.4273))
                    (3.4850    (11123.0915 0.00 207941.6552))
                    (3.4900    (13859.8107 0.00 207375.2791))
                    (3.4950    (16568.0513 0.00 206685.4628))
                    (3.5000    (19242.2486 0.00 205873.6236))
                    (3.5050    (21876.9077 0.00 204941.4297))
                    (3.5100    (24466.6150 0.00 203890.7966))
                    (3.5150    (27006.0494 0.00 202723.8830))
                    (3.5200    (29489.9928 0.00 201443.0867))
                    (3.5250    (31913.3413 0.00 200051.0394))
                    (3.5300    (34271.1156 0.00 198550.6014))
                    (3.5350    (36558.4711 0.00 196944.8558))
                    (3.5400    (38770.7077 0.00 195237.1019))
                    (3.5450    (40903.2798 0.00 193430.8488))
                    (3.5500    (42951.8055 0.00 191529.8080))
                    (3.5550    (44912.0756 0.00 189537.8855))
                    (3.5600    (46780.0622 0.00 187459.1744))
                    (3.5650    (48551.9271 0.00 185297.9458))
                    (3.5700    (50224.0294 0.00 183058.6406))
                    (3.5750    (51792.9335 0.00 180745.8600))
                    (3.5800    (53255.4155 0.00 178364.3563))
                    (3.5850    (54608.4705 0.00 175919.0227))
                    (3.5900    (55849.3182 0.00 173414.8840))
                    (3.5950    (56975.4091 0.00 170857.0854))
                    (3.6000    (57984.4292 0.00 168250.8827))
                    (3.6050    (58874.3052 0.00 165601.6310))
                    (3.6100    (59643.2087 0.00 162914.7739))
                    (3.6150    (60289.5598 0.00 160195.8321))
                    (3.6200    (60812.0304 0.00 157450.3926))
                    (3.6250    (61209.5469 0.00 154684.0964))
                    (3.6300    (61481.2925 0.00 151902.6276))
                    (3.6350    (61626.7089 0.00 149111.7016))
                    (3.6400    (61645.4972 0.00 146317.0530))
                    (3.6450    (61537.6189 0.00 143524.4241))
                    (3.6500    (61303.2956 0.00 140739.5531))
                    (3.6550    (60943.0087 0.00 137968.1622))
                    (3.6600    (60457.4987 0.00 135215.9460))
                    (3.6650    (59847.7631 0.00 132488.5596))
                    (3.6700    (59115.0547 0.00 129791.6072))
                    (3.6750    (58260.8791 0.00 127130.6303))
                    (3.6800    (57286.9915 0.00 124511.0966))
                    (3.6850    (56195.3929 0.00 121938.3886))
                    (3.6900    (54988.3262 0.00 119417.7926))
                    (3.6950    (53668.2718 0.00 116954.4878))
                    (3.7000    (52237.9421 0.00 114553.5358))
                    (3.7050    (50700.2759 0.00 112219.8698))
                    (3.7100    (49058.4329 0.00 109958.2851))
                    (3.7150    (47315.7866 0.00 107773.4286))
                    (3.7200    (45475.9178 0.00 105669.7897))
                    (3.7250    (43542.6069 0.00 103651.6908))
                    (3.7300    (41519.8265 0.00 101723.2787))
                    (3.7350    (39411.7328 0.00 99888.5158))
                    (3.7400    (37222.6575 0.00 98151.1721))
                    (3.7450    (34957.0985 0.00 96514.8174))
                    (3.7500    (32619.7112 0.00 94982.8140))
                    (3.7550    (30215.2982 0.00 93558.3098))
                    (3.7600    (27748.8001 0.00 92244.2319))
                    (3.7650    (25225.2848 0.00 91043.2803))
                    (3.7700    (22649.9377 0.00 89957.9227))
                    (3.7750    (20028.0504 0.00 88990.3892))
                    (3.7800    (17365.0103 0.00 88142.6680))
                    (3.7850    (14666.2892 0.00 87416.5008))
                    (3.7900    (11937.4325 0.00 86813.3799))
                    (3.7950    (9184.0472 0.00 86334.5443))
                    (3.8000    (6411.7909 0.00 85980.9781))
                    (3.8050    (3626.3600 0.00 85753.4077))
                    (3.8100    (833.4777 0.00 85652.3007))
                    (3.8150    (-1961.1172 0.00 85677.8649))
                    (3.8200    (-4751.6824 0.00 85830.0478))
                    (3.8250    (-7532.4841 0.00 86108.5366))
                    (3.8300    (-10297.8083 0.00 86512.7591))
                    (3.8350    (-13041.9730 0.00 87041.8848))
                    (3.8400    (-15759.3396 0.00 87694.8264))
                    (3.8450    (-18444.3246 0.00 88470.2422))
                    (3.8500    (-21091.4109 0.00 89366.5391))
                    (3.8550    (-23695.1594 0.00 90381.8752))
                    (3.8600    (-26250.2201 0.00 91514.1644))
                    (3.8650    (-28751.3429 0.00 92761.0800))
                    (3.8700    (-31193.3887 0.00 94120.0600))
                    (3.8750    (-33571.3395 0.00 95588.3120))
                    (3.8800    (-35880.3093 0.00 97162.8190))
                    (3.8850    (-38115.5537 0.00 98840.3459))
                    (3.8900    (-40272.4799 0.00 100617.4457))
                    (3.8950    (-42346.6557 0.00 102490.4669))
                    (3.9000    (-44333.8194 0.00 104455.5609))
                    (3.9050    (-46229.8878 0.00 106508.6899))
                    (3.9100    (-48030.9649 0.00 108645.6352))
                    (3.9150    (-49733.3499 0.00 110862.0059))
                    (3.9200    (-51333.5449 0.00 113153.2479))
                    (3.9250    (-52828.2618 0.00 115514.6533))
                    (3.9300    (-54214.4294 0.00 117941.3699))
                    (3.9350    (-55489.1993 0.00 120428.4114))
                    (3.9400    (-56649.9523 0.00 122970.6676))
                    (3.9450    (-57694.3033 0.00 125562.9147))
                    (3.9500    (-58620.1064 0.00 128199.8263))
                    (3.9550    (-59425.4593 0.00 130875.9841))
                    (3.9600    (-60108.7072 0.00 133585.8893))
                    (3.9650    (-60668.4461 0.00 136323.9737))
                    (3.9700    (-61103.5261 0.00 139084.6112))
                    (3.9750    (-61413.0530 0.00 141862.1294))
                    (3.9800    (-61596.3908 0.00 144650.8210))
                    (3.9850    (-61653.1629 0.00 147444.9561))
                    (3.9900    (-61583.2526 0.00 150238.7934))
                    (3.9950    (-61386.8036 0.00 153026.5921))
                    (4.0000    (-61064.2194 0.00 155802.6241))
                    (4.0050    (-60616.1630 0.00 158561.1852))
                    (4.0100    (-60043.5550 0.00 161296.6073))
                    (4.0150    (-59347.5719 0.00 164003.2697))
                    (4.0200    (-58529.6439 0.00 166675.6109))
                    (4.0250    (-57591.4515 0.00 169308.1399))
                    (4.0300    (-56534.9226 0.00 171895.4475))
                    (4.0350    (-55362.2280 0.00 174432.2174))
                    (4.0400    (-54075.7774 0.00 176913.2371))
                    (4.0450    (-52678.2140 0.00 179333.4087))
                    (4.0500    (-51172.4097 0.00 181687.7594))
                    (4.0550    (-49561.4583 0.00 183971.4516))
                    (4.0600    (-47848.6701 0.00 186179.7927))
                    (4.0650    (-46037.5644 0.00 188308.2452))
                    (4.0700    (-44131.8626 0.00 190352.4356))
                    (4.0750    (-42135.4804 0.00 192308.1637))
                    (4.0800    (-40052.5200 0.00 194171.4108))
                    (4.0850    (-37887.2613 0.00 195938.3485))
                    (4.0900    (-35644.1534 0.00 197605.3460))
                    (4.0950    (-33327.8053 0.00 199168.9782))
                    (4.1000    (-30942.9767 0.00 200626.0322))
                    (4.1050    (-28494.5676 0.00 201973.5139))
                    (4.1100    (-25987.6091 0.00 203208.6548))
                    (4.1150    (-23427.2523 0.00 204328.9169))
                    (4.1200    (-20818.7582 0.00 205331.9982))
                    (4.1250    (-18167.4865 0.00 206215.8378))
                    (4.1300    (-15478.8850 0.00 206978.6195))
                    (4.1350    (-12758.4781 0.00 207618.7761))
                    (4.1400    (-10011.8556 0.00 208134.9921))
                    (4.1450    (-7244.6612 0.00 208526.2068))
                    (4.1500    (-4462.5807 0.00 208791.6164))
                    (4.1550    (-1671.3307 0.00 208930.6755))
                    (4.1600    (1123.3534 0.00 208943.0985))
                    (4.1650    (3915.7294 0.00 208828.8597))
                    (4.1700    (6700.0595 0.00 208588.1939))
                    (4.1750    (9470.6225 0.00 208221.5957))
                    (4.1800    (12221.7258 0.00 207729.8182))
                    (4.1850    (14947.7163 0.00 207113.8720))
                    (4.1900    (17642.9928 0.00 206375.0228))
                    (4.1950    (20302.0173 0.00 205514.7885))
                    (4.2000    (22919.3260 0.00 204534.9370))
                    (4.2050    (25489.5410 0.00 203437.4813))
                    (4.2100    (28007.3811 0.00 202224.6767))
                    (4.2150    (30467.6728 0.00 200899.0151))
                    (4.2200    (32865.3608 0.00 199463.2205))
                    (4.2250    (35195.5184 0.00 197920.2430))
                    (4.2300    (37453.3577 0.00 196273.2530))
                    (4.2350    (39634.2393 0.00 194525.6349))
                    (4.2400    (41733.6821 0.00 192680.9794))
                    (4.2450    (43747.3723 0.00 190743.0769))
                    (4.2500    (45671.1721 0.00 188715.9094))
                    (4.2550    (47501.1287 0.00 186603.6422))
                    (4.2600    (49233.4819 0.00 184410.6154))
                    (4.2650    (50864.6721 0.00 182141.3353))
                    (4.2700    (52391.3477 0.00 179800.4646))
                    (4.2750    (53810.3717 0.00 177392.8132))
                    (4.2800    (55118.8283 0.00 174923.3284))
                    (4.2850    (56314.0291 0.00 172397.0843))
                    (4.2900    (57393.5180 0.00 169819.2718))
                    (4.2950    (58355.0771 0.00 167195.1876))
                    (4.3000    (59196.7306 0.00 164530.2235))
                    (4.3050    (59916.7490 0.00 161829.8555))
                    (4.3100    (60513.6529 0.00 159099.6321))
                    (4.3150    (60986.2159 0.00 156345.1633))
                    (4.3200    (61333.4669 0.00 153572.1089))
                    (4.3250    (61554.6924 0.00 150786.1669))
                    (4.3300    (61649.4378 0.00 147993.0615))
                    (4.3350    (61617.5084 0.00 145198.5322))
                    (4.3400    (61458.9699 0.00 142408.3208))
                    (4.3450    (61174.1481 0.00 139628.1606))
                    (4.3500    (60763.6281 0.00 136863.7643))
                    (4.3550    (60228.2534 0.00 134120.8118))
                    (4.3600    (59569.1242 0.00 131404.9395))
                    (4.3650    (58787.5948 0.00 128721.7276))
                    (4.3700    (57885.2711 0.00 126076.6897))
                    (4.3750    (56864.0071 0.00 123475.2605))
                    (4.3800    (55725.9012 0.00 120922.7854))
                    (4.3850    (54473.2920 0.00 118424.5092))
                    (4.3900    (53108.7533 0.00 115985.5651))
                    (4.3950    (51635.0889 0.00 113610.9647))
                    (4.4000    (50055.3269 0.00 111305.5871))
                    (4.4050    (48372.7132 0.00 109074.1693))
                    (4.4100    (46590.7052 0.00 106921.2965))
                    (4.4150    (44712.9646 0.00 104851.3921))
                    (4.4200    (42743.3496 0.00 102868.7095))
                    (4.4250    (40685.9072 0.00 100977.3224))
                    (4.4300    (38544.8652 0.00 99181.1172))
                    (4.4350    (36324.6227 0.00 97483.7848))
                    (4.4400    (34029.7419 0.00 95888.8127))
                    (4.4450    (31664.9381 0.00 94399.4782))
                    (4.4500    (29235.0706 0.00 93018.8416))
                    (4.4550    (26745.1320 0.00 91749.7396))
                    (4.4600    (24200.2386 0.00 90594.7801))
                    (4.4650    (21605.6195 0.00 89556.3361))
                    (4.4700    (18966.6061 0.00 88636.5415))
                    (4.4750    (16288.6209 0.00 87837.2861))
                    (4.4800    (13577.1665 0.00 87160.2123))
                    (4.4850    (10837.8142 0.00 86606.7113))
                    (4.4900    (8076.1929 0.00 86177.9204))
                    (4.4950    (5297.9770 0.00 85874.7206))
                    (4.5000    (2508.8750 0.00 85697.7350))
                    (4.5050    (-285.3822 0.00 85647.3272))
                    (4.5100    (-3079.0529 0.00 85723.6008))
                    (4.5150    (-5866.3970 0.00 85926.3990))
                    (4.5200    (-8641.6870 0.00 86255.3053))
                    (4.5250    (-11399.2204 0.00 86709.6436))
                    (4.5300    (-14133.3312 0.00 87288.4806))
                    (4.5350    (-16838.4014 0.00 87990.6268))
                    (4.5400    (-19508.8727 0.00 88814.6395))
                    (4.5450    (-22139.2580 0.00 89758.8255))
                    (4.5500    (-24724.1525 0.00 90821.2447))
                    (4.5550    (-27258.2447 0.00 91999.7142))
                    (4.5600    (-29736.3279 0.00 93291.8125))
                    (4.5650    (-32153.3100 0.00 94694.8846))
                    (4.5700    (-34504.2248 0.00 96206.0475))
                    (4.5750    (-36784.2418 0.00 97822.1962))
                    (4.5800    (-38988.6760 0.00 99540.0099))
                    (4.5850    (-41112.9979 0.00 101355.9588))
                    (4.5900    (-43152.8424 0.00 103266.3117))
                    (4.5950    (-45104.0183 0.00 105267.1432))
                    (4.6000    (-46962.5162 0.00 107354.3422))
                    (4.6050    (-48724.5175 0.00 109523.6198))
                    (4.6100    (-50386.4017 0.00 111770.5188))
                    (4.6150    (-51944.7539 0.00 114090.4223))
                    (4.6200    (-53396.3722 0.00 116478.5635))
                    (4.6250    (-54738.2738 0.00 118930.0353))
                    (4.6300    (-55967.7014 0.00 121439.8006))
                    (4.6350    (-57082.1288 0.00 124002.7023))
                    (4.6400    (-58079.2663 0.00 126613.4744))
                    (4.6450    (-58957.0648 0.00 129266.7523))
                    (4.6500    (-59713.7208 0.00 131957.0842))
                    (4.6550    (-60347.6794 0.00 134678.9421))
                    (4.6600    (-60857.6381 0.00 137426.7333))
                    (4.6650    (-61242.5490 0.00 140194.8116))
                    (4.6700    (-61501.6212 0.00 142977.4893))
                    (4.6750    (-61634.3224 0.00 145769.0488))
                    (4.6800    (-61640.3799 0.00 148563.7541))
                    (4.6850    (-61519.7813 0.00 151355.8626))
                    (4.6900    (-61272.7743 0.00 154139.6373))
                    (4.6950    (-60899.8666 0.00 156909.3581))
                    (4.7000    (-60401.8242 0.00 159659.3341))
                    (4.7050    (-59779.6707 0.00 162383.9146))
                    (4.7100    (-59034.6844 0.00 165077.5013))
                    (4.7150    (-58168.3960 0.00 167734.5595))
                    (4.7200    (-57182.5855 0.00 170349.6296))
                    (4.7250    (-56079.2786 0.00 172917.3383))
                    (4.7300    (-54860.7423 0.00 175432.4095))
                    (4.7350    (-53529.4804 0.00 177889.6754))
                    (4.7400    (-52088.2282 0.00 180284.0869))
                    (4.7450    (-50539.9474 0.00 182610.7240))
                    (4.7500    (-48887.8191 0.00 184864.8061))
                    (4.7550    (-47135.2381 0.00 187041.7016))
                    (4.7600    (-45285.8055 0.00 189136.9374))
                    (4.7650    (-43343.3215 0.00 191146.2084))
                    (4.7700    (-41311.7775 0.00 193065.3860))
                    (4.7750    (-39195.3476 0.00 194890.5267))
                    (4.7800    (-36998.3808 0.00 196617.8804))
                    (4.7850    (-34725.3912 0.00 198243.8977))
                    (4.7900    (-32381.0493 0.00 199765.2376))
                    (4.7950    (-29970.1721 0.00 201178.7740))
                    (4.8000    (-27497.7135 0.00 202481.6026))
                    (4.8050    (-24968.7537 0.00 203671.0462))
                    (4.8100    (-22388.4891 0.00 204744.6609))
                    (4.8150    (-19762.2215 0.00 205700.2407))
                    (4.8200    (-17095.3473 0.00 206535.8220))
                    (4.8250    (-14393.3464 0.00 207249.6880))
                    (4.8300    (-11661.7705 0.00 207840.3718))
                    (4.8350    (-8906.2325 0.00 208306.6597))
                    (4.8400    (-6132.3944 0.00 208647.5937))
                    (4.8450    (-3345.9557 0.00 208862.4731))
                    (4.8500    (-552.6418 0.00 208950.8564))
                    (4.8550    (2241.8076 0.00 208912.5621))
                    (4.8600    (5031.6507 0.00 208747.6688))
                    (4.8650    (7811.1549 0.00 208456.5154))
                    (4.8700    (10574.6090 0.00 208039.7000))
                    (4.8750    (13316.3349 0.00 207498.0792))
                    (4.8800    (16030.6989 0.00 206832.7658))
                    (4.8850    (18712.1237 0.00 206045.1269))
                    (4.8900    (21355.0996 0.00 205136.7809))
                    (4.8950    (23954.1960 0.00 204109.5943))
                    (4.9000    (26504.0722 0.00 202965.6777))
                    (4.9050    (28999.4889 0.00 201707.3815))
                    (4.9100    (31435.3186 0.00 200337.2912))
                    (4.9150    (33806.5564 0.00 198858.2220))
                    (4.9200    (36108.3298 0.00 197273.2131))
                    (4.9250    (38335.9093 0.00 195585.5213))
                    (4.9300    (40484.7177 0.00 193798.6144))
                    (4.9350    (42550.3398 0.00 191916.1641))
                    (4.9400    (44528.5312 0.00 189942.0382))
                    (4.9450    (46415.2271 0.00 187880.2933))
                    (4.9500    (48206.5510 0.00 185735.1656))
                    (4.9550    (49898.8220 0.00 183511.0629))
                    (4.9600    (51488.5629 0.00 181212.5552))
                    (4.9650    (52972.5073 0.00 178844.3653))
                    (4.9700    (54347.6059 0.00 176411.3594))
                    (4.9750    (55611.0332 0.00 173918.5366))
                    (4.9800    (56760.1933 0.00 171371.0192))
                    (4.9850    (57792.7249 0.00 168774.0416))
                    (4.9900    (58706.5063 0.00 166132.9401))
                    (4.9950    (59499.6600 0.00 163453.1413))
                    (5.0000    (60170.5562 0.00 160740.1518))
                    (5.0050    (60717.8164 0.00 157999.5460))
                    (5.0100    (61140.3161 0.00 155236.9552))
                    (5.0150    (61437.1872 0.00 152458.0558))
                    (5.0200    (61607.8197 0.00 149668.5579))
                    (5.0250    (61651.8629 0.00 146874.1932))
                    (5.0300    (61569.2264 0.00 144080.7034))
                    (5.0350    (61360.0800 0.00 141293.8285))
                    (5.0400    (61024.8534 0.00 138519.2949))
                    (5.0450    (60564.2354 0.00 135762.8034))
                    (5.0500    (59979.1725 0.00 133030.0182))
                    (5.0550    (59270.8668 0.00 130326.5543))
                    (5.0600    (58440.7738 0.00 127657.9667))
                    (5.0650    (57490.5990 0.00 125029.7388))
                    (5.0700    (56422.2950 0.00 122447.2709))
                    (5.0750    (55238.0566 0.00 119915.8694))
                    (5.0800    (53940.3174 0.00 117440.7357))
                    (5.0850    (52531.7439 0.00 115026.9556))
                    (5.0900    (51015.2302 0.00 112679.4888))
                    (5.0950    (49393.8925 0.00 110403.1588))
                    (5.1000    (47671.0623 0.00 108202.6430))
                    (5.1050    (45850.2796 0.00 106082.4628))
                    (5.1100    (43935.2855 0.00 104046.9747))
                    (5.1150    (41930.0150 0.00 102100.3611))
                    (5.1200    (39838.5884 0.00 100246.6220))
                    (5.1250    (37665.3032 0.00 98489.5662))
                    (5.1300    (35414.6248 0.00 96832.8041))
                    (5.1350    (33091.1778 0.00 95279.7399))
                    (5.1400    (30699.7365 0.00 93833.5648))
                    (5.1450    (28245.2146 0.00 92497.2504))
                    (5.1500    (25732.6556 0.00 91273.5424))
                    (5.1550    (23167.2222 0.00 90164.9553))
                    (5.1600    (20554.1857 0.00 89173.7670))
                    (5.1650    (17898.9153 0.00 88302.0141))
                    (5.1700    (15206.8670 0.00 87551.4878))
                    (5.1750    (12483.5722 0.00 86923.7303))
                    (5.1800    (9734.6266 0.00 86420.0316))
                    (5.1850    (6965.6788 0.00 86041.4265))
                    (5.1900    (4182.4182 0.00 85788.6930))
                    (5.1950    (1390.5637 0.00 85662.3504))
                    (5.2000    (-1404.1481 0.00 85662.6584))
                    (5.2050    (-4195.9747 0.00 85789.6163))
                    (5.2100    (-6979.1795 0.00 86042.9631))
                    (5.2150    (-9748.0439 0.00 86422.1785))
                    (5.2200    (-12496.8783 0.00 86926.4831))
                    (5.2250    (-15220.0347 0.00 87554.8407))
                    (5.2300    (-17911.9176 0.00 88305.9603))
                    (5.2350    (-20566.9958 0.00 89178.2984))
                    (5.2400    (-23179.8137 0.00 90170.0626))
                    (5.2450    (-25745.0028 0.00 91279.2151))
                    (5.2500    (-28257.2920 0.00 92503.4768))
                    (5.2550    (-30711.5193 0.00 93840.3321))
                    (5.2600    (-33102.6419 0.00 95287.0342))
                    (5.2650    (-35425.7465 0.00 96840.6104))
                    (5.2700    (-37676.0597 0.00 98497.8685))
                    (5.2750    (-39848.9577 0.00 100255.4032))
                    (5.2800    (-41939.9756 0.00 102109.6033))
                    (5.2850    (-43944.8171 0.00 104056.6587))
                    (5.2900    (-45859.3625 0.00 106092.5688))
                    (5.2950    (-47679.6779 0.00 108213.1502))
                    (5.3000    (-49402.0231 0.00 110414.0457))
                    (5.3050    (-51022.8591 0.00 112690.7330))
                    (5.3100    (-52538.8553 0.00 115038.5339))
                    (5.3150    (-53946.8969 0.00 117452.6244))
                    (5.3200    (-55244.0906 0.00 119928.0441))
                    (5.3250    (-56427.7709 0.00 122459.7065))
                    (5.3300    (-57495.5058 0.00 125042.4098))
                    (5.3350    (-58445.1013 0.00 127670.8471))
                    (5.3400    (-59274.6062 0.00 130339.6175))
                    (5.3450    (-59982.3160 0.00 133043.2374))
                    (5.3500    (-60566.7766 0.00 135776.1516))
                    (5.3550    (-61026.7871 0.00 138532.7445))
                    (5.3600    (-61361.4022 0.00 141307.3520))
                    (5.3650    (-61569.9344 0.00 144094.2729))
                    (5.3700    (-61651.9553 0.00 146887.7808))
                    (5.3750    (-61607.2962 0.00 149682.1358))
                    (5.3800    (-61436.0489 0.00 152471.5960))
                    (5.3850    (-61138.5654 0.00 155250.4298))
                    (5.3900    (-60715.4568 0.00 158012.9275))
                    (5.3950    (-60167.5926 0.00 160753.4126))
                    (5.4000    (-59496.0985 0.00 163466.2542))
                    (5.4050    (-58702.3542 0.00 166145.8781))
                    (5.4100    (-57787.9907 0.00 168786.7782))
                    (5.4150    (-56754.8869 0.00 171383.5281))
                    (5.4200    (-55605.1654 0.00 173930.7922))
                    (5.4250    (-54341.1886 0.00 176423.3365))
                    (5.4300    (-52965.5539 0.00 178856.0393))
                    (5.4350    (-51481.0876 0.00 181223.9020))
                    (5.4400    (-49890.8401 0.00 183522.0593))
                    (5.4450    (-48198.0790 0.00 185745.7890))
                    (5.4500    (-46406.2824 0.00 187890.5218))
                    (5.4550    (-44519.1321 0.00 189951.8509))
                    (5.4600    (-42540.5057 0.00 191925.5408))
                    (5.4650    (-40474.4688 0.00 193807.5358))
                    (5.4700    (-38325.2666 0.00 195593.9691))
                    (5.4750    (-36097.3152 0.00 197281.1699))
                    (5.4800    (-33795.1925 0.00 198865.6715))
                    (5.4850    (-31423.6288 0.00 200344.2180))
                    (5.4900    (-28987.4972 0.00 201713.7714))
                    (5.4950    (-26491.8032 0.00 202971.5176))
                    (5.5000    (-23941.6750 0.00 204114.8723))
                    (5.5050    (-21342.3523 0.00 205141.4860))
                    (5.5100    (-18699.1763 0.00 206049.2495))
                    (5.5150    (-16017.5780 0.00 206836.2974))
                    (5.5200    (-13303.0674 0.00 207501.0125))
                    (5.5250    (-10561.2222 0.00 208042.0291))
                    (5.5300    (-7797.6762 0.00 208458.2354))
                    (5.5350    (-5018.1079 0.00 208748.7763))
                    (5.5400    (-2228.2286 0.00 208913.0547))
                    (5.5450    (566.2292 0.00 208950.7331))
                    (5.5500    (3359.5235 0.00 208861.7342))
                    (5.5550    (6145.9148 0.00 208646.2407))
                    (5.5600    (8919.6777 0.00 208304.6954))
                    (5.5650    (11675.1129 0.00 207837.8002))
                    (5.5700    (14406.5585 0.00 207246.5144))
                    (5.5750    (17108.4020 0.00 206532.0529))
                    (5.5800    (19775.0920 0.00 205695.8838))
                    (5.5850    (22401.1489 0.00 204739.7253))
                    (5.5900    (24981.1768 0.00 203665.5419))
                    (5.5950    (27509.8744 0.00 202475.5410))
                    (5.6000    (29982.0459 0.00 201172.1675))
                    (5.6050    (32392.6115 0.00 199758.0998))
                    (5.6100    (34736.6180 0.00 198236.2433))
                    (5.6150    (37009.2492 0.00 196609.7251))
                    (5.6200    (39205.8353 0.00 194881.8872))
                    (5.6250    (41321.8628 0.00 193056.2801))
                    (5.6300    (43352.9838 0.00 191136.6548))
                    (5.6350    (45295.0249 0.00 189126.9557))
                    (5.6400    (47143.9957 0.00 187031.3124))
                    (5.6450    (48896.0969 0.00 184854.0307))
                    (5.6500    (50547.7284 0.00 182599.5846))
                    (5.6550    (52095.4964 0.00 180272.6063))
                    (5.6600    (53536.2208 0.00 177877.8772))
                    (5.6650    (54866.9411 0.00 175420.3180))
                    (5.6700    (56084.9231 0.00 172904.9783))
                    (5.6750    (57187.6641 0.00 170337.0265))
                    (5.6800    (58172.8982 0.00 167721.7392))
                    (5.6850    (59038.6010 0.00 165064.4901))
                    (5.6900    (59782.9936 0.00 162370.7393))
                    (5.6950    (60404.5467 0.00 159646.0217))
                    (5.7000    (60901.9829 0.00 156895.9360))
                    (5.7050    (61274.2802 0.00 154126.1330))
                    (5.7100    (61520.6737 0.00 151342.3040))
                    (5.7150    (61640.6569 0.00 148550.1690))
                    (5.7200    (61633.9835 0.00 145755.4651))
                    (5.7250    (61500.6671 0.00 142963.9350))
                    (5.7300    (61240.9816 0.00 140181.3144))
                    (5.7350    (60855.4606 0.00 137413.3209))
                    (5.7400    (60344.8964 0.00 134665.6423))
                    (5.7450    (59710.3378 0.00 131943.9242))
                    (5.7500    (58953.0890 0.00 129253.7591))
                    (5.7550    (58074.7057 0.00 126600.6747))
                    (5.7600    (57076.9929 0.00 123990.1224))
                    (5.7650    (55962.0006 0.00 121427.4663))
                    (5.7700    (54732.0199 0.00 118917.9721))
                    (5.7750    (53389.5781 0.00 116466.7961))
                    (5.7800    (51937.4335 0.00 114078.9749))
                    (5.7850    (50378.5700 0.00 111759.4149))
                    (5.7900    (48716.1907 0.00 109512.8822))
                    (5.7950    (46953.7114 0.00 107343.9930))
                    (5.8000    (45094.7535 0.00 105257.2037))
                    (5.8050    (43143.1367 0.00 103256.8022))
                    (5.8100    (41102.8712 0.00 101346.8990))
                    (5.8150    (38978.1491 0.00 99531.4182))
                    (5.8200    (36773.3364 0.00 97814.0905))
                    (5.8250    (34492.9633 0.00 96198.4443))
                    (5.8300    (32141.7155 0.00 94687.7995))
                    (5.8350    (29724.4241 0.00 93285.2602))
                    (5.8400    (27246.0563 0.00 91993.7081))
                    (5.8450    (24711.7044 0.00 90815.7971))
                    (5.8500    (22126.5758 0.00 89753.9475))
                    (5.8550    (19495.9825 0.00 88810.3413))
                    (5.8600    (16825.3297 0.00 87986.9172))
                    (5.8650    (14120.1048 0.00 87285.3672))
                    (5.8700    (11385.8665 0.00 86707.1328))
                    (5.8750    (8628.2330 0.00 86253.4022))
                    (5.8800    (5852.8706 0.00 85925.1076))
                    (5.8850    (3065.4819 0.00 85722.9237))
                    (5.8900    (271.7944 0.00 85647.2658))
                    (5.8950    (-2522.4516 0.00 85698.2894))
                    (5.9000    (-5311.5145 0.00 85875.8897))
                    (5.9050    (-8089.6636 0.00 86179.7018))
                    (5.9100    (-10851.1903 0.00 86609.1013))
                    (5.9150    (-13590.4205 0.00 87163.2061))
                    (5.9200    (-16301.7256 0.00 87840.8775))
                    (5.9250    (-18979.5346 0.00 88640.7230))
                    (5.9300    (-21618.3452 0.00 89561.0992))
                    (5.9350    (-24212.7354 0.00 90600.1150))
                    (5.9400    (-26757.3742 0.00 91755.6354))
                    (5.9450    (-29247.0330 0.00 93025.2861))
                    (5.9500    (-31676.5962 0.00 94406.4582))
                    (5.9550    (-34041.0717 0.00 95896.3139))
                    (5.9600    (-36335.6009 0.00 97491.7917))
                    (5.9650    (-38555.4693 0.00 99189.6134))
                    (5.9700    (-40696.1154 0.00 100986.2904))
                    (5.9750    (-42753.1408 0.00 102878.1308))
                    (5.9800    (-44722.3188 0.00 104861.2476))
                    (5.9850    (-46599.6033 0.00 106931.5657))
                    (5.9900    (-48381.1367 0.00 109084.8313))
                    (5.9950    (-50063.2586 0.00 111316.6198))
                    (6.0000    (-51642.5125 0.00 113622.3455))
                    (6.0050    (-53115.6535 0.00 115997.2706))
                    (6.0100    (-54479.6546 0.00 118436.5154))
                    (6.0150    (-55731.7132 0.00 120935.0676))
                    (6.0200    (-56869.2565 0.00 123487.7935))
                    (6.0250    (-57889.9471 0.00 126089.4477))
                    (6.0300    (-58791.6879 0.00 128734.6844))
                    (6.0350    (-59572.6259 0.00 131418.0684))
                    (6.0400    (-60231.1566 0.00 134134.0860))
                    (6.0450    (-60765.9266 0.00 136877.1564))
                    (6.0500    (-61175.8374 0.00 139641.6431))
                    (6.0550    (-61460.0465 0.00 142421.8660))
                    (6.0600    (-61617.9701 0.00 145212.1122))
                    (6.0650    (-61649.2835 0.00 148006.6486))
                    (6.0700    (-61553.9225 0.00 150799.7330))
                    (6.0750    (-61332.0831 0.00 153585.6262))
                    (6.0800    (-60984.2209 0.00 156358.6040))
                    (6.0850    (-60511.0509 0.00 159112.9686))
                    (6.0900    (-59913.5453 0.00 161843.0603))
                    (6.0950    (-59192.9317 0.00 164543.2696))
                    (6.1000    (-58350.6909 0.00 167208.0481))
                    (6.1050    (-57388.5535 0.00 169831.9203))
                    (6.1100    (-56308.4965 0.00 172409.4949))
                    (6.1150    (-55112.7390 0.00 174935.4755))
                    (6.1200    (-53803.7382 0.00 177404.6719))
                    (6.1250    (-52384.1836 0.00 179812.0104))
                    (6.1300    (-50856.9921 0.00 182152.5446))
                    (6.1350    (-49225.3018 0.00 184421.4652))
                    (6.1400    (-47492.4653 0.00 186614.1101))
                    (6.1450    (-45662.0432 0.00 188725.9740))
                    (6.1500    (-43737.7967 0.00 190752.7174))
                    (6.1550    (-41723.6795 0.00 192690.1761))
                    (6.1600    (-39623.8302 0.00 194534.3688))
                    (6.1650    (-37442.5634 0.00 196281.5063))
                    (6.1700    (-35184.3612 0.00 197927.9985))
                    (6.1750    (-32853.8636 0.00 199470.4625))
                    (6.1800    (-30455.8593 0.00 200905.7287))
                    (6.1850    (-27995.2755 0.00 202230.8480))
                    (6.1900    (-25477.1681 0.00 203443.0977))
                    (6.1950    (-22906.7113 0.00 204539.9868))
                    (6.2000    (-20289.1867 0.00 205519.2615))
                    (6.2050    (-17629.9727 0.00 206378.9097))
                    (6.2100    (-14934.5334 0.00 207117.1650))
                    (6.2150    (-12208.4072 0.00 207732.5103))
                    (6.2200    (-9457.1957 0.00 208223.6814))
                    (6.2250    (-6686.5519 0.00 208589.6691))
                    (6.2300    (-3902.1688 0.00 208829.7212))
                    (6.2350    (-1109.7678 0.00 208943.3445))
                    (6.2400    (1684.9136 0.00 208930.3057))
                    (6.2450    (4476.1329 0.00 208790.6314))
                    (6.2500    (7258.1548 0.00 208524.6086))
                    (6.2550    (10025.2629 0.00 208132.7840))
                    (6.2600    (12771.7716 0.00 207615.9627))
                    (6.2650    (15492.0373 0.00 206975.2067))
                    (6.2700    (18180.4706 0.00 206211.8324))
                    (6.2750    (20831.5475 0.00 205327.4085))
                    (6.2800    (23439.8205 0.00 204323.7523))
                    (6.2850    (25999.9303 0.00 203202.9260))
                    (6.2900    (28506.6165 0.00 201967.2326))
                    (6.2950    (30954.7286 0.00 200619.2113))
                    (6.3000    (33339.2360 0.00 199161.6318))
                    (6.3050    (35655.2394 0.00 197597.4891))
                    (6.3100    (37897.9799 0.00 195929.9972))
                    (6.3150    (40062.8491 0.00 194162.5824))
                    (6.3200    (42145.3989 0.00 192298.8763))
                    (6.3250    (44141.3500 0.00 190342.7083))
                    (6.3300    (46046.6012 0.00 188298.0979))
                    (6.3350    (47857.2378 0.00 186169.2463))
                    (6.3400    (49569.5392 0.00 183960.5277))
                    (6.3450    (51179.9872 0.00 181676.4806))
                    (6.3500    (52685.2727 0.00 179321.7981))
                    (6.3550    (54082.3026 0.00 176901.3185))
                    (6.3600    (55368.2064 0.00 174420.0153))
                    (6.3650    (56540.3419 0.00 171882.9871))
                    (6.3700    (57596.3005 0.00 169295.4467))
                    (6.3750    (58533.9127 0.00 166662.7110))
                    (6.3800    (59351.2518 0.00 163990.1895))
                    (6.3850    (60046.6383 0.00 161283.3738))
                    (6.3900    (60618.6434 0.00 158547.8256))
                    (6.3950    (61066.0919 0.00 155789.1658))
                    (6.4000    (61388.0642 0.00 153013.0628))
                    (6.4050    (61583.8988 0.00 150225.2208))
                    (6.4100    (61653.1934 0.00 147431.3682))
                    (6.4150    (61595.8055 0.00 144637.2457))
                    (6.4200    (61411.8530 0.00 141848.5945))
                    (6.4250    (61101.7140 0.00 139071.1447))
                    (6.4300    (60666.0256 0.00 136310.6031))
                    (6.4350    (60105.6832 0.00 133572.6421))
                    (6.4400    (59421.8381 0.00 130862.8876))
                    (6.4450    (58615.8954 0.00 128186.9073))
                    (6.4500    (57689.5112 0.00 125550.1998))
                    (6.4550    (56644.5889 0.00 122958.1830))
                    (6.4600    (55483.2757 0.00 120416.1827))
                    (6.4650    (54207.9576 0.00 117929.4222))
                    (6.4700    (52821.2553 0.00 115503.0111))
                    (6.4750    (51326.0180 0.00 113141.9352))
                    (6.4800    (49725.3181 0.00 110851.0459))
                    (6.4850    (48022.4446 0.00 108635.0505))
                    (6.4900    (46220.8966 0.00 106498.5021))
                    (6.4950    (44324.3758 0.00 104445.7911))
                    (6.5000    (42336.7790 0.00 102481.1351))
                    (6.5050    (40262.1904 0.00 100608.5711))
                    (6.5100    (38104.8727 0.00 98831.9467))
                    (6.5150    (35869.2586 0.00 97154.9125))
                    (6.5200    (33559.9418 0.00 95580.9144))
                    (6.5250    (31181.6675 0.00 94113.1865))
                    (6.5300    (28739.3223 0.00 92754.7448))
                    (6.5350    (26237.9247 0.00 91508.3804))
                    (6.5400    (23682.6145 0.00 90376.6544))
                    (6.5450    (21078.6423 0.00 89361.8921))
                    (6.5500    (18431.3585 0.00 88466.1787))
                    (6.5550    (15746.2027 0.00 87691.3546))
                    (6.5600    (13028.6923 0.00 87039.0119))
                    (6.5650    (10284.4110 0.00 86510.4910))
                    (6.5700    (7518.9978 0.00 86106.8780))
                    (6.5750    (4738.1348 0.00 85829.0020))
                    (6.5800    (1947.5361 0.00 85677.4342))
                    (6.5850    (-847.0644 0.00 85652.4859))
                    (6.5900    (-3639.9243 0.00 85754.2084))
                    (6.5950    (-6425.3050 0.00 85982.3927))
                    (6.6000    (-9197.4833 0.00 86336.5699))
                    (6.6050    (-11950.7630 0.00 86816.0122))
                    (6.6100    (-14679.4867 0.00 87419.7346))
                    (6.6150    (-17378.0477 0.00 88146.4966))
                    (6.6200    (-20040.9009 0.00 88994.8047))
                    (6.6250    (-22662.5749 0.00 89962.9159))
                    (6.6300    (-25237.6828 0.00 91048.8411))
                    (6.6350    (-27760.9333 0.00 92250.3488))
                    (6.6400    (-30227.1417 0.00 93564.9703))
                    (6.6450    (-32631.2407 0.00 94990.0044))
                    (6.6500    (-34968.2904 0.00 96522.5229))
                    (6.6550    (-37233.4886 0.00 98159.3769))
                    (6.6600    (-39422.1809 0.00 99897.2030))
                    (6.6650    (-41529.8702 0.00 101732.4305))
                    (6.6700    (-43552.2256 0.00 103661.2884))
                    (6.6750    (-45485.0917 0.00 105679.8132))
                    (6.6800    (-47324.4968 0.00 107783.8576))
                    (6.6850    (-49066.6616 0.00 109969.0981))
                    (6.6900    (-50708.0061 0.00 112231.0446))
                    (6.6950    (-52245.1579 0.00 114565.0494))
                    (6.7000    (-53674.9585 0.00 116966.3166))
                    (6.7050    (-54994.4699 0.00 119429.9123))
                    (6.7100    (-56200.9810 0.00 121950.7742))
                    (6.7150    (-57292.0126 0.00 124523.7228))
                    (6.7200    (-58265.3229 0.00 127143.4710))
                    (6.7250    (-59118.9120 0.00 129804.6361))
                    (6.7300    (-59851.0259 0.00 132501.7500))
                    (6.7350    (-60460.1605 0.00 135229.2707))
                    (6.7400    (-60945.0639 0.00 137981.5938))
                    (6.7450    (-61304.7399 0.00 140753.0640))
                    (6.7500    (-61538.4495 0.00 143537.9866))
                    (6.7550    (-61645.7123 0.00 146330.6392))
                    (6.7600    (-61626.3081 0.00 149125.2836))
                    (6.7650    (-61480.2766 0.00 151916.1775))
                    (6.7700    (-61207.9180 0.00 154697.5863))
                    (6.7750    (-60809.7919 0.00 157463.7948))
                    (6.7800    (-60286.7162 0.00 160209.1192))
                    (6.7850    (-59639.7659 0.00 162927.9184))
                    (6.7900    (-58870.2702 0.00 165614.6060))
                    (6.7950    (-57979.8103 0.00 168263.6615))
                    (6.8000    (-56970.2159 0.00 170869.6418))
                    (6.8050    (-55843.5614 0.00 173427.1921))
                    (6.8100    (-54602.1618 0.00 175931.0573))
                    (6.8150    (-53248.5679 0.00 178376.0926))
                    (6.8200    (-51785.5610 0.00 180757.2740))
                    (6.8250    (-50216.1473 0.00 183069.7088))
                    (6.8300    (-48543.5515 0.00 185308.6454))
                    (6.8350    (-46771.2103 0.00 187469.4834))
                    (6.8400    (-44902.7656 0.00 189547.7828))
                    (6.8450    (-42942.0566 0.00 191539.2732))
                    (6.8500    (-40893.1119 0.00 193439.8625))
                    (6.8550    (-38760.1418 0.00 195245.6455))
                    (6.8600    (-36547.5289 0.00 196952.9118))
                    (6.8650    (-34259.8196 0.00 198558.1532))
                    (6.8700    (-31901.7146 0.00 200058.0716))
                    (6.8750    (-29478.0593 0.00 201449.5848))
                    (6.8800    (-26993.8337 0.00 202729.8336))
                    (6.8850    (-24454.1423 0.00 203896.1875))
                    (6.8900    (-21864.2035 0.00 204946.2498))
                    (6.8950    (-19229.3390 0.00 205877.8630))
                    (6.9000    (-16554.9628 0.00 206689.1128))
                    (6.9050    (-13846.5702 0.00 207378.3322))
                    (6.9100    (-11109.7262 0.00 207944.1052))
                    (6.9150    (-8350.0545 0.00 208385.2691))
                    (6.9200    (-5573.2253 0.00 208700.9175))
                    (6.9250    (-2784.9445 0.00 208890.4018))
                    (6.9300    (9.0586 0.00 208953.3327))
                    (6.9350    (2803.0432 0.00 208889.5808))
                    (6.9400    (5591.2681 0.00 208699.2771))
                    (6.9450    (8368.0044 0.00 208382.8128))
                    (6.9500    (11127.5464 0.00 207940.8379))
                    (6.9550    (13864.2240 0.00 207374.2607))
                    (6.9600    (16572.4140 0.00 206684.2454))
                    (6.9650    (19246.5516 0.00 205872.2098))
                    (6.9700    (21881.1422 0.00 204939.8224))
                    (6.9750    (24470.7724 0.00 203888.9990))
                    (6.9800    (27010.1210 0.00 202721.8989))
                    (6.9850    (29493.9702 0.00 201440.9201))
                    (6.9900    (31917.2165 0.00 200048.6948))
                    (6.9950    (34274.8806 0.00 198548.0836))
                    (7.0000    (36562.1181 0.00 196942.1699))
                    (7.0050    (38774.2292 0.00 195234.2535))
                    (7.0100    (40906.6686 0.00 193427.8438))
                    (7.0150    (42955.0547 0.00 191526.6524))
                    (7.0200    (44915.1785 0.00 189534.5860))
                    (7.0250    (46783.0124 0.00 187455.7376))
                    (7.0300    (48554.7184 0.00 185294.3789))
                    (7.0350    (50226.6563 0.00 183054.9509))
                    (7.0400    (51795.3904 0.00 180742.0550))
                    (7.0450    (53257.6975 0.00 178360.4438))
                    (7.0500    (54610.5728 0.00 175915.0109))
                    (7.0550    (55851.2366 0.00 173410.7810))
                    (7.0600    (56977.1395 0.00 170852.8997))
                    (7.0650    (57985.9681 0.00 168246.6229))
                    (7.0700    (58875.6496 0.00 165597.3058))
                    (7.0750    (59644.3557 0.00 162910.3922))
                    (7.0800    (60290.5071 0.00 160191.4030))
                    (7.0850    (60812.7759 0.00 157445.9250))
                    (7.0900    (61210.0892 0.00 154679.5996))
                    (7.0950    (61481.6305 0.00 151898.1110))
                    (7.1000    (61626.8418 0.00 149107.1743))
                    (7.1050    (61645.4248 0.00 146312.5243))
                    (7.1100    (61537.3413 0.00 143519.9033))
                    (7.1150    (61302.8134 0.00 140735.0495))
                    (7.1200    (60942.3230 0.00 137963.6851))
                    (7.1250    (60456.6108 0.00 135211.5046))
                    (7.1300    (59846.6748 0.00 132484.1630))
                    (7.1350    (59113.7683 0.00 129787.2644))
                    (7.1400    (58259.3972 0.00 127126.3503))
                    (7.1450    (57285.3172 0.00 124506.8881))
                    (7.1500    (56193.5295 0.00 121934.2603))
                    (7.1550    (54986.2777 0.00 119413.7530))
                    (7.1600    (53666.0424 0.00 116950.5452))
                    (7.1650    (52235.5363 0.00 114549.6983))
                    (7.1700    (50697.6987 0.00 112216.1453))
                    (7.1750    (49055.6895 0.00 109954.6812))
                    (7.1800    (47312.8827 0.00 107769.9527))
                    (7.1850    (45472.8594 0.00 105666.4490))
                    (7.1900    (43539.4002 0.00 103648.4921))
                    (7.1950    (41516.4781 0.00 101720.2287))
                    (7.2000    (39408.2496 0.00 99885.6206))
                    (7.2050    (37219.0467 0.00 98148.4377))
                    (7.2100    (34953.3676 0.00 96512.2494))
                    (7.2150    (32615.8677 0.00 94980.4178))
                    (7.2200    (30211.3501 0.00 93556.0902))
                    (7.2250    (27744.7554 0.00 92242.1935))
                    (7.2300    (25221.1519 0.00 91041.4273))
                    (7.2350    (22645.7250 0.00 89956.2589))
                    (7.2400    (20023.7667 0.00 88988.9180))
                    (7.2450    (17360.6643 0.00 88141.3925))
                    (7.2500    (14661.8899 0.00 87415.4236))
                    (7.2550    (11932.9889 0.00 86812.5030))
                    (7.2600    (9179.5684 0.00 86333.8698))
                    (7.2650    (6407.2862 0.00 85980.5072))
                    (7.2700    (3621.8385 0.00 85753.1415))
                    (7.2750    (828.9488 0.00 85652.2397))
                    (7.2800    (-1965.6442 0.00 85678.0092))
                    (7.2850    (-4756.1982 0.00 85830.3970))
                    (7.2900    (-7536.9794 0.00 86109.0901))
                    (7.2950    (-10302.2740 0.00 86513.5158))
                    (7.3000    (-13046.3998 0.00 87042.8431))
                    (7.3050    (-15763.7184 0.00 87695.9843))
                    (7.3100    (-18448.6464 0.00 88471.5974))
                    (7.3150    (-21095.6669 0.00 89368.0887))
                    (7.3200    (-23699.3408 0.00 90383.6161))
                    (7.3250    (-26254.3183 0.00 91516.0930))
                    (7.3300    (-28755.3495 0.00 92763.1924))
                    (7.3350    (-31197.2954 0.00 94122.3518))
                    (7.3400    (-33575.1384 0.00 95590.7784))
                    (7.3450    (-35883.9925 0.00 97165.4551))
                    (7.3500    (-38119.1137 0.00 98843.1462))
                    (7.3550    (-40275.9092 0.00 100620.4044))
                    (7.3600    (-42349.9475 0.00 102493.5780))
                    (7.3650    (-44336.9668 0.00 104458.8179))
                    (7.3700    (-46232.8844 0.00 106512.0862))
                    (7.3750    (-48033.8045 0.00 108649.1638))
                    (7.3800    (-49736.0267 0.00 110865.6596))
                    (7.3850    (-51336.0533 0.00 113157.0192))
                    (7.3900    (-52830.5968 0.00 115518.5344))
                    (7.3950    (-54216.5860 0.00 117945.3528))
                    (7.4000    (-55491.1733 0.00 120432.4880))
                    (7.4050    (-56651.7395 0.00 122974.8294))
                    (7.4100    (-57695.9000 0.00 125567.1532))
                    (7.4150    (-58621.5094 0.00 128204.1328))
                    (7.4200    (-59426.6657 0.00 130880.3498))
                    (7.4250    (-60109.7145 0.00 133590.3052))
                    (7.4300    (-60669.2523 0.00 136328.4307))
                    (7.4350    (-61104.1294 0.00 139089.1002))
                    (7.4400    (-61413.4523 0.00 141866.6410))
                    (7.4450    (-61596.5853 0.00 144655.3462))
                    (7.4500    (-61653.1521 0.00 147449.4854))
                    (7.4550    (-61583.0366 0.00 150243.3175))
                    (7.4600    (-61386.3827 0.00 153031.1018))
                    (7.4650    (-61063.5946 0.00 155807.1101))
                    (7.4700    (-60615.3356 0.00 158565.6382))
                    (7.4750    (-60042.5266 0.00 161301.0183))
                    (7.4800    (-59346.3447 0.00 164007.6296))
                    (7.4850    (-58528.2203 0.00 166679.9107))
                    (7.4900    (-57589.8345 0.00 169312.3708))
                    (7.4950    (-56533.1155 0.00 171899.6008))
                    (7.5000    (-55360.2346 0.00 174436.2845))
                    (7.5050    (-54073.6017 0.00 176917.2097))
                    (7.5100    (-52675.8606 0.00 179337.2786))
                    (7.5150    (-51169.8833 0.00 181691.5187))
                    (7.5200    (-49558.7642 0.00 183975.0925))
                    (7.5250    (-47845.8137 0.00 186183.3077))
                    (7.5300    (-46034.5517 0.00 188311.6272))
                    (7.5350    (-44128.6997 0.00 190355.6776))
                    (7.5400    (-42132.1738 0.00 192311.2590))
                    (7.5450    (-40049.0765 0.00 194174.3531))
                    (7.5500    (-37883.6880 0.00 195941.1317))
                    (7.5550    (-35640.4577 0.00 197607.9645))
                    (7.5600    (-33323.9947 0.00 199171.4265))
                    (7.5650    (-30939.0590 0.00 200628.3052))
                    (7.5700    (-28490.5510 0.00 201975.6071))
                    (7.5750    (-25983.5018 0.00 203210.5638))
                    (7.5800    (-23423.0627 0.00 204330.6378))
                    (7.5850    (-20814.4948 0.00 205333.5275))
                    (7.5900    (-18163.1582 0.00 206217.1723))
                    (7.5950    (-15474.5007 0.00 206979.7565))
                    (7.6000    (-12754.0468 0.00 207619.7132))
                    (7.6050    (-10007.3864 0.00 208135.7274))
                    (7.6100    (-7240.1632 0.00 208526.7388))
                    (7.6150    (-4458.0633 0.00 208791.9440))
                    (7.6200    (-1666.8031 0.00 208930.7981))
                    (7.6250    (1127.8820 0.00 208943.0158))
                    (7.6300    (3920.2496 0.00 208828.5719))
                    (7.6350    (6704.5619 0.00 208587.7015))
                    (7.6400    (9475.0981 0.00 208220.8998))
                    (7.6450    (12226.1651 0.00 207728.9202))
                    (7.6500    (14952.1104 0.00 207112.7738))
                    (7.6550    (17647.3327 0.00 206373.7265))
                    (7.6600    (20306.2939 0.00 205513.2969))
                    (7.6650    (22923.5306 0.00 204533.2530))
                    (7.6700    (25493.6650 0.00 203435.6086))
                    (7.6750    (28011.4160 0.00 202222.6190))
                    (7.6800    (30471.6103 0.00 200896.7767))
                    (7.6850    (32869.1928 0.00 199460.8059))
                    (7.6900    (35199.2371 0.00 197917.6572))
                    (7.6950    (37456.9553 0.00 196270.5014))
                    (7.7000    (39637.7086 0.00 194522.7230))
                    (7.7050    (41737.0159 0.00 192677.9133))
                    (7.7100    (43750.5636 0.00 190739.8629))
                    (7.7150    (45674.2146 0.00 188712.5541))
                    (7.7200    (47504.0159 0.00 186600.1524))
                    (7.7250    (49236.2080 0.00 184406.9984))
                    (7.7300    (50867.2316 0.00 182137.5984))
                    (7.7350    (52393.7352 0.00 179796.6156))
                    (7.7400    (53812.5823 0.00 177388.8600))
                    (7.7450    (55120.8575 0.00 174919.2791))
                    (7.7500    (56315.8726 0.00 172392.9472))
                    (7.7550    (57395.1722 0.00 169815.0554))
                    (7.7600    (58356.5385 0.00 167190.9005))
                    (7.7650    (59197.9962 0.00 164525.8746))
                    (7.7700    (59917.8163 0.00 161825.4537))
                    (7.7750    (60514.5196 0.00 159095.1865))
                    (7.7800    (60986.8802 0.00 156340.6830))
                    (7.7850    (61333.9275 0.00 153567.6031))
                    (7.7900    (61554.9483 0.00 150781.6448))
                    (7.7950    (61649.4885 0.00 147988.5325))
                    (7.8000    (61617.3539 0.00 145194.0055))
                    (7.8050    (61458.6104 0.00 142403.8058))
                    (7.8100    (61173.5843 0.00 139623.6666))
                    (7.8150    (60762.8612 0.00 136859.3003))
                    (7.8200    (60227.2851 0.00 134116.3873))
                    (7.8250    (59567.9564 0.00 131400.5633))
                    (7.8300    (58786.2298 0.00 128717.4089))
                    (7.8350    (57883.7118 0.00 126072.4372))
                    (7.8400    (56862.2566 0.00 123471.0831))
                    (7.8450    (55723.9633 0.00 120918.6917))
                    (7.8500    (54471.1705 0.00 118420.5074))
                    (7.8550    (53106.4527 0.00 115981.6636))
                    (7.8600    (51632.6139 0.00 113607.1714))
                    (7.8650    (50052.6825 0.00 111301.9099))
                    (7.8700    (48369.9048 0.00 109070.6158))
                    (7.8750    (46587.7387 0.00 106917.8739))
                    (7.8800    (44709.8460 0.00 104848.1075))
                    (7.8850    (42740.0853 0.00 102865.5695))
                    (7.8900    (40682.5041 0.00 100974.3335))
                    (7.8950    (38541.3301 0.00 99178.2857))
                    (7.9000    (36320.9629 0.00 97481.1164))
                    (7.9050    (34025.9649 0.00 95886.3129))
                    (7.9100    (31661.0518 0.00 94397.1521))
                    (7.9150    (29231.0828 0.00 93016.6940))
                    (7.9200    (26741.0510 0.00 91747.7750))
                    (7.9250    (24196.0727 0.00 90593.0024))
                    (7.9300    (21601.3774 0.00 89554.7491))
                    (7.9350    (18962.2964 0.00 88635.1483))
                    (7.9400    (16284.2525 0.00 87836.0897))
                    (7.9450    (13572.7483 0.00 87159.2151))
                    (7.9500    (10833.3554 0.00 86605.9153))
                    (7.9550    (8071.7026 0.00 86177.3272))
                    (7.9600    (5293.4644 0.00 85874.3315))
                    (7.9650    (2504.3494 0.00 85697.5508))
                    (7.9700    (-289.9114 0.00 85647.3483))
                    (7.9750    (-3083.5766 0.00 85723.8271))
                    (7.9800    (-5870.9057 0.00 85926.8302))
                    (7.9850    (-8646.1716 0.00 86255.9403))
                    (7.9900    (-11403.6716 0.00 86710.4812))
                    (7.9950    (-14137.7399 0.00 87289.5191))
                    (8.0000    (-16842.7585 0.00 87991.8640))
                );
